timestamp,F_0,F_1,F_2,F_3,F_4,F_5,F_6,F_7,F_8,F_9,F_10,F_11,F_12,F_13,F_14,F_15,F_16,F_17,F_18,F_19,F_20,F_21,F_22,F_23,F_24,F_25,F_26,F_27,F_28,F_29,F_30,F_31,F_32,F_33,F_34,F_35,F_36,F_37,F_38,F_39,F_40,F_41
199201,0.9066157022163446,12.0,-9.344398972216291,0.16312754509159821,0.0,0.0,0.0,0.0,1.0,12.0,0.0,1.414164184862033e-68,-1.9404102579062647e-17,6.858443745300745e-18,-0.32429719093452813,0.4167672943698819,1.0,8.0,5.0,0.0,0.19069720374287663,0.48871505423779565,0.0,1.6490803309065323,0.0,1.4901161193847656e-08,2.891492915982334e-10,0.0,0.0,0.0,0.0,2.0,0.7515432037899935,4.0,0.0,0.2434158680208721,0.35585641510214144,-0.26158270509468945,0.23271301666682084,-0.5217557625774241,0.4232597563231731,0.0
199202,0.8671876357039849,12.0,-6.367094519601339,0.34418992676132826,0.0,0.0,0.0,0.0,1.0,12.0,0.0,1.2541812349565145e-67,2.9553773095023136e-16,5.460770969500201e-18,-0.1409670582558345,0.3532282611410513,1.0,7.0,4.0,0.0,0.5038244676390409,0.6869451263907259,0.0,2.8394816386605624,0.0,1.4901161193847656e-08,2.937195098030211e-10,0.0,0.0,0.0,0.0,2.0,0.7516193978013496,3.0,0.0,0.33680413199933584,0.27063129119703594,-0.27630308663421793,0.22037213198966904,-0.5506934657191411,0.4599951783963308,0.0
199203,0.8531490906688992,12.0,-7.175263610678371,0.2779223298776644,0.0,0.0,0.0,0.0,1.0,12.0,0.0,2.1799919484197778e-68,1.0554155781187284e-16,-4.216662964708999e-18,-0.5203182812702076,0.607198338235611,1.0,6.0,3.0,0.0,0.2901049150782088,0.6068193247838962,0.0,2.706369121733237,0.0,1.49013685786894e-08,2.916387414281402e-10,0.0,0.0,0.0,0.0,2.0,0.7352122065313779,4.0,0.0,0.3033096022922332,0.2365848762077624,-0.3090927600605012,0.2355561406537947,-0.5004434931060334,0.37209486644191053,0.0
199204,0.8504802531658437,12.0,-6.781586838548943,0.21737528861660632,0.0,0.0,0.0,0.0,1.0,12.0,0.0,1.245103102065928e-70,-1.6435813956652213e-17,-4.914274311936829e-19,-0.6847077229665098,0.6687629056708002,1.0,5.0,2.0,0.0,0.2593016264802985,0.42571659307355875,0.0,2.359040229614456,0.0,1.4901161193847656e-08,2.875805010832316e-10,0.0,0.0,0.0,0.0,1.0,0.745261137020863,4.0,0.0,0.28646633541484917,0.24005835407731624,-0.29701544692840387,0.23988431547639383,-0.49351325238215904,0.34237039626119203,0.0
199205,0.7955128163640263,12.0,-6.878741477046047,0.1605346837659021,0.0,0.0,0.0,0.0,1.0,12.0,0.0,1.1704901608349268e-72,-1.0399496179970992e-18,3.5672112602811734e-19,-0.14503839752395892,0.09085579637401107,1.0,4.0,1.0,0.0,0.16451603012548838,1.0647775338432222,0.0,3.8174887783746168,0.0,0.6615214751642384,0.0,0.0,0.0,0.0,0.0,1.0,0.7316918238195257,4.0,0.0,0.20740895329447917,0.25350158687126056,-0.2578440594743163,0.258750656050068,-0.6563400884447187,0.8503613632238382,0.0
199206,0.7463458406236941,12.0,-11.497760815865005,0.25563694029833356,0.0,0.0,0.0,0.0,1.0,12.0,0.0,4.300445104859108e-68,-8.90116502368024e-17,-1.2143794211841391e-17,-0.28152257822610105,0.2855904116684461,1.0,3.0,12.0,0.0,0.3050513401637544,0.7395681058164738,0.0,5.453110832644505,0.0,1.490128750645499e-08,2.88086178137933e-10,0.0,0.0,0.0,0.0,1.0,0.7382420198788838,4.0,0.0,0.08229808272326025,0.37407117241226007,-0.34291982457847175,0.5172176274237793,-0.6583621681153419,0.7200940060082123,0.0
199207,0.7567059257214024,12.0,-7.185830451362322,0.434619774192242,0.0,0.0,0.0,0.0,1.0,12.0,0.0,5.925769515349552e-68,1.0779995114945638e-17,1.2339356402779652e-18,-0.6042060673631945,0.5745346633678516,1.0,2.0,11.0,0.0,0.8439946132367134,0.8748459986916721,0.0,7.424331337609831,0.0,1.4901161193847656e-08,2.957273750570877e-10,0.0,0.0,0.0,0.0,1.0,0.7415839299616998,3.0,0.0,0.2880765303731876,0.4543818482477862,-0.6522708593019579,0.812079695391423,-0.6889779000017603,0.8516049533931617,0.0
199208,0.8079815645789985,12.0,-8.568999545786516,0.41448196920694874,0.0,0.0,0.0,0.0,1.0,12.0,0.0,3.012174389586638e-68,-2.8165892387381194e-16,1.4740301631294712e-17,-0.07271330796859211,0.4660140856599148,1.0,1.0,10.0,0.0,0.6392237035116308,0.7934503960277917,0.0,4.464266154507602,0.0,1.4901161193847656e-08,2.9564583670027064e-10,0.0,0.0,0.0,0.0,1.0,0.756225566087746,4.0,0.0,0.21956552032096643,0.4068767138182615,-0.5019843954655904,0.6286314732776441,-0.6066753326816657,0.8874613541119438,0.0
199209,0.8065176117022848,12.0,-7.375426090803397,0.32233666254960214,0.0,0.0,0.0,0.0,1.0,12.0,0.0,1.4958662798830524e-70,-3.3734827161893493e-18,6.71949765456561e-18,-0.09585764162551978,0.3368744282967083,1.0,2.0,9.0,0.0,0.47597418128861485,0.6080868627791745,0.0,9.34019671791552,0.0,1.4901198933774262e-08,2.9350751315868137e-10,0.0,0.0,0.0,0.0,2.0,0.6076758727071155,5.0,0.0,0.3042255060160295,0.44420230198336125,-0.3886224754175771,0.6351849672273645,-0.4314021323327697,0.7770480914149849,0.0
199210,0.8269309609903788,12.0,-7.895218799302262,0.33606176881216915,0.0,0.0,0.0,0.0,1.0,12.0,0.0,3.336035597833933e-67,-1.8117644158394212e-16,4.593229831846849e-18,-0.2487903495958992,0.6014399325748649,1.0,1.0,8.0,0.0,0.4663237192011921,0.5689593790912186,0.0,9.116122943138757,0.0,1.4901162168199532e-08,2.9068501616413835e-10,0.0,0.0,0.0,0.0,3.0,0.6301751021180634,3.0,0.0,0.2922290304634468,0.41907655502569774,-0.20078722610742356,0.4993710511807544,-0.279953319474816,0.5706642145622155,0.0
199211,0.7567470414312903,12.0,-6.465575591533655,0.1367236234599849,0.0,0.0,0.0,0.0,1.0,12.0,0.0,7.0724872529996e-68,-4.076156937521231e-17,5.844667090520581e-18,-0.2885144247059096,0.3850151435668617,1.0,3.0,7.0,0.0,0.15786463628849506,0.3634625393705141,0.0,6.531335288263901,0.0,0.7968746156845908,0.0,0.0,0.0,0.0,0.0,3.0,0.6026473406188876,4.0,0.0,0.3695929519869223,0.6036431848674361,-0.08024523899002099,0.25796552354750457,-0.42816361042282286,0.36988359604069576,0.0
199212,0.8155224739120556,12.0,-5.128249243759847,0.14197645654598465,0.0,0.0,0.0,0.0,1.0,12.0,0.0,1.0207628011600876e-68,7.127677213563445e-17,8.588180995849985e-18,-0.36302220683519226,0.29103064677770074,1.0,2.0,6.0,0.0,0.12910425254010022,0.3454527927708639,0.0,6.439246602439158,0.0,0.7768574860902938,0.0,0.0,0.0,0.0,0.0,3.0,0.4882022323010913,4.0,0.0,0.4674370366754603,0.7682581077351835,-0.18669042942210254,0.2318985449917999,-0.38690254067174623,0.4740264112532884,0.0
199301,0.8170203077925906,12.0,-7.240276800019652,0.19432149605506216,0.0,0.0,0.0,0.0,1.0,12.0,0.0,1.9099644225958488e-126,-7.395570986446986e-32,-5.546678239835239e-32,-0.2953852021357741,0.33320158565584507,1.0,1.0,5.0,0.0,0.19199097389188846,0.6017656586079538,0.0,5.418134965026244,0.0,0.9999999850988366,5.704359387127003e-15,0.0,0.0,0.0,0.0,3.0,0.38706256200691536,4.0,0.0,0.46214208273194096,0.7254338309642038,0.07710261047933804,0.2993358512208636,-0.34430952652856567,0.8183809018792815,0.0
199302,0.8371221671793083,12.0,-4.2845903511408245,0.3309914662856406,0.0,0.0,0.0,0.0,1.0,12.0,0.0,1.454480029202855e-69,2.1090894552734454e-17,8.820633386441419e-20,0.25812886507461097,0.7903146193055884,1.0,11.0,4.0,0.0,0.12165854034607056,0.20253519614453985,0.0,3.4621116373087446,0.0,1.4901311123541706e-08,2.919900974438719e-10,0.0,0.0,0.0,0.0,2.0,0.3908606428380973,4.0,0.0,0.6424166127143242,0.9906318733099011,-0.048129234390625074,0.2842711774700733,-0.32881886105344904,0.2863769751630601,0.0
199303,0.8713410111615264,12.0,-4.686405538151259,0.26216508300549696,0.0,0.0,0.0,0.0,1.0,12.0,0.0,1.1418634560948754e-70,-6.42883633779874e-18,1.1892777008874552e-18,0.07524763808711406,0.6765122341807795,1.0,10.0,3.0,0.0,0.08874736620394878,0.27830522303518634,0.0,1.5868393978459299,0.0,0.9999999850988388,0.0,0.0,0.0,0.0,0.0,2.0,0.4568045250877129,4.0,0.0,0.5896715614388561,0.7982033485931277,0.12956749399909576,0.25207951729250916,-0.3992154259506114,0.37872809436584287,0.0
199304,0.8692240224789937,12.0,-4.341880244146554,0.2949993573016992,0.0,0.0,0.0,0.0,1.0,12.0,0.0,3.4590981752942525e-70,5.940368687450022e-18,-4.308948256872208e-18,0.15986485314395643,0.51086743417083,1.0,9.0,2.0,0.0,0.20850472445722876,0.14647971981580962,0.0,0.2926160837193596,0.0,1.5235747498239686e-08,9.672435540858547e-12,0.0,0.0,0.0,0.0,2.0,0.5316767075007054,5.0,0.0,0.5061613301242706,0.6133543032492216,-0.11601883009454997,0.33577434894751734,-0.15076396194928204,0.27849763706918873,0.0
199305,0.8567982103607361,12.0,-7.038639572291082,0.19178828758542366,0.0,0.0,0.0,0.0,1.0,12.0,0.0,1.5733022331915207e-68,-2.2269427559144895e-16,-1.6074253537783838e-17,0.1290736405523142,0.21490143969743572,1.0,8.0,1.0,0.0,0.12770499346437134,0.7289929394453778,0.0,1.0177121994332679,0.0,0.6899850813886496,2.3103144207945817e-14,0.0,0.0,0.0,0.0,2.0,0.524569815610183,6.0,0.0,0.31084232738799517,0.4984127442208269,-0.20218229640861624,0.24914224671087926,-0.4280488160142967,0.49214187277958765,0.0
199306,0.8956245567595089,12.0,-6.72604748106907,0.16387978492729174,0.0,0.0,0.0,0.0,1.0,12.0,0.0,1.465496015442689e-68,-3.9395805346394173e-17,3.5529626079262484e-18,-0.13626627553124335,0.562800565648638,1.0,7.0,12.0,0.0,0.17906843963905122,0.9351031981862918,0.0,0.294420964102938,0.0,0.6501324998645779,1.3974127359999827e-14,0.0,0.0,0.0,0.0,2.0,0.5834246390088375,6.0,0.0,0.34179521298793447,0.5887029153494842,-0.27843375271009885,0.34860287761048697,-0.5813152436283711,0.6879365124384182,0.0
199307,0.8540150423525527,12.0,-6.030400446844138,0.24050107326799344,0.0,0.0,0.0,0.0,1.0,12.0,0.0,2.947586211802843e-69,-2.415133612930883e-17,-2.2420652927507053e-18,-0.28879660532571433,0.1695546933965587,1.0,6.0,11.0,0.0,0.2114643796562352,0.6028966945397658,0.0,0.2507621331910919,0.0,1.4901161193847656e-08,2.860654503244224e-10,0.0,0.0,0.0,0.0,2.0,0.5926993287201868,5.0,0.0,0.4298744269521224,0.5174618453950646,-0.2799381863854922,0.25803284432142665,-0.5460961767013581,0.5525621567439923,0.0
199308,0.8310387047646747,12.0,-4.806599825972715,0.33730785489953985,0.0,0.0,0.0,0.0,1.0,12.0,0.0,1.4486394015336938e-68,2.585013878527214e-16,-1.4395109684445176e-17,0.16882814229086437,0.5040362399059012,1.0,5.0,12.0,0.0,0.27105639398725206,0.7894785778486363,0.0,0.03866968242292772,0.0,1.4901323511340945e-08,2.905321631644461e-10,0.0,0.0,0.0,0.0,2.0,0.558972682975636,4.0,0.0,0.44223513455529356,0.6695206644895619,-0.3036053041712168,0.36241897839895515,-0.5546050343637967,0.6576405518373373,0.0
199309,0.8545770438892725,12.0,-5.545835962051378,0.37652904253229924,0.0,0.0,0.0,0.0,1.0,12.0,0.0,1.0046715168148461e-70,1.1710252873792324e-17,2.7572569773547718e-18,-0.0911734297087037,0.04934145968229381,1.0,4.0,11.0,0.0,0.3445309652778678,0.692557400625771,0.0,0.19159459806666523,0.0,1.4901161193847656e-08,2.9479625082673026e-10,0.0,0.0,0.0,0.0,2.0,0.5504589647348366,3.0,0.0,0.4883001551770573,0.7628892459792026,-0.35062013723344093,0.5706922228067974,-0.5398847912783689,0.9994546736035564,0.0
199310,0.8766944343959238,12.0,-3.286459842762015,0.4458292964861429,0.0,0.0,0.0,0.0,1.0,12.0,0.0,3.8461709006244253e-69,-2.535724468385586e-16,-2.451013605588347e-18,-0.07952539333335043,0.626841654613949,1.0,3.0,10.0,0.0,0.6348456132528216,0.9817471970667278,0.0,2.3649975248626913,0.0,1.4901182593208947e-08,2.9502673738732555e-10,0.0,0.0,0.0,0.0,2.0,0.631874124241284,5.0,0.0,0.48804950130677177,0.8396559296776013,-0.5188181587616988,0.7351824731313698,-0.6113908642914677,1.0179570010925698,0.0
199311,0.8316370149154318,12.0,-4.487840406271303,0.3916105551716954,0.0,0.0,0.0,0.0,1.0,12.0,0.0,4.713955841271224e-69,-4.1986573956130507e-17,5.1060004843706265e-18,-0.5318621774456509,0.7242935977308466,1.0,2.0,9.0,0.0,0.49728993144688716,0.8921083981158453,0.0,2.202843742587905,0.0,1.4901161193847656e-08,2.9073605378153806e-10,0.0,0.0,0.0,0.0,2.0,0.6717990039549199,6.0,0.0,0.3835354854247992,0.4896379686355331,-0.5179076477119176,0.6191264043525629,-0.6275323806568106,0.8674121598481377,0.0
199312,0.8331644274521728,12.0,-8.599602931055367,0.283934468035025,0.0,0.0,0.0,0.0,1.0,12.0,0.0,3.9129876801632406e-68,-4.211782012959962e-17,1.8033189128449942e-18,-0.15486153929880545,0.510638551804293,1.0,1.0,8.0,0.0,0.34150970236424094,0.9618614786552607,0.0,1.649855837075642,0.0,0.4744618909358794,0.4744618909358793,0.0,0.0,0.0,0.0,2.0,0.706861085331694,6.0,0.0,0.1102899735350308,0.39492482058743567,-0.4038724393286464,0.519932698463893,-0.707798047382793,0.9604586965320288,0.0
199401,0.8562775005127471,12.0,-11.02028626984261,0.17042847816781215,0.0,0.0,0.0,0.0,1.0,12.0,0.0,4.927329654083137e-68,1.8652569522192322e-17,5.305084646802152e-19,-0.07967166278625464,0.3717944501570621,1.0,12.0,7.0,0.0,0.5353283475502149,1.0782920432251182,0.0,1.1543659391838947,0.0,0.4875515171106475,0.4875515171106475,0.0,0.0,0.0,0.0,1.0,0.648021144741395,6.0,0.0,0.0559705841342537,0.355561492352244,-0.5748926643926382,0.7469860833128797,-0.7288898407860972,1.0123864500066644,0.0
199402,0.7141650579997075,12.0,-12.593521933496756,0.1433902435107229,0.0,0.0,0.0,0.0,1.0,12.0,0.0,4.889508921845373e-124,2.9582283945787943e-31,2.2186712959340957e-31,-0.2953852021357741,0.33320158565584507,1.0,11.0,6.0,0.0,0.2914602452702446,0.2236121129082115,0.0,2.8839690533958238,0.0,1.4901161193847656e-08,2.9018904410231847e-10,0.0,0.0,0.0,0.0,1.0,0.8295615892797109,8.0,0.0,-0.09315518869768655,0.21733796836450994,-0.41915801838074523,0.3656523100070345,-0.44304900489925814,0.33280058549570757,0.0
199403,0.7528257052199036,12.0,-9.952424132526302,0.0994277060282002,0.0,0.0,0.0,0.0,1.0,12.0,0.0,1.6426388974274843e-68,5.371410907548884e-17,-3.59628694528476e-18,-0.8235509112446372,1.7766816814634179,1.0,10.0,12.0,0.0,0.09432445071836064,0.4081426328949524,0.0,5.03087655581685,0.0,1.4904652104061192e-08,1.1398028800584702e-10,0.0,0.0,0.0,0.0,1.0,0.822731315070071,7.0,0.0,0.07911382819413133,0.30289107082981764,-0.1908441768053918,0.2113308075941565,-0.573957324620003,0.7297301746527782,0.0
199404,0.850147102366708,12.0,-7.803722783838304,0.10999499343833931,0.0,0.0,0.0,0.0,1.0,12.0,0.0,3.016309854242404e-67,3.2410505395369666e-17,4.405276901632333e-18,-0.3946817841571109,0.41991210278152263,1.0,9.0,11.0,0.0,0.271169265143705,0.6388994607119826,0.0,3.6735281337590266,0.0,1.3001632600318702e-06,1.609801393611086e-10,0.0,0.0,0.0,0.0,1.0,0.7701769045606865,7.0,0.0,0.28572257116199173,0.34627866068588714,-0.2663543131071001,0.27546013883100073,-0.5804202919942765,0.8373697666062013,0.0
199405,0.8903707433137191,12.0,-6.137167662978046,0.18752481859608858,0.0,0.0,0.0,0.0,1.0,12.0,0.0,6.51432526973213e-69,-1.9631001790857618e-16,-5.5145139547096545e-18,0.2078750445024612,0.5166327708456697,1.0,8.0,12.0,0.0,0.1435007521950839,0.7707104301866021,0.0,3.7938019485473204,0.0,0.6546917638298413,1.483764998070012e-14,0.0,0.0,0.0,0.0,1.0,0.684019219299376,4.0,0.0,0.3092011992281756,0.41722022207690834,-0.28744424651767797,0.21254880048013552,-0.5580231820407193,0.5408179766720337,0.0
199406,0.8677496364327827,12.0,-5.478830477838335,0.2570863039643325,0.0,0.0,0.0,0.0,1.0,12.0,0.0,2.6529698748288674e-67,-3.5815799820960696e-16,-2.2220623441377306e-17,0.28754101945544197,0.4123734654634296,1.0,7.0,11.0,0.0,0.24562180533802702,0.4646652630210351,0.0,2.605047965857925,0.0,0.5886090871923871,3.828872084278134e-15,0.0,0.0,0.0,0.0,1.0,0.6576411595509686,3.0,0.0,0.4604873780428736,0.5675770808876744,-0.32115056575963813,0.2691047705831548,-0.5397656019670269,0.49157759753221414,0.0
199407,0.9415502601409312,12.0,-4.611360724796328,0.2962549725344089,0.0,0.0,0.0,0.0,1.0,12.0,0.0,6.219633018746082e-68,-1.5489659846689294e-16,-7.754996767117583e-18,-0.26718179510470264,0.2036203138306458,1.0,6.0,10.0,0.0,0.10686916709609336,0.6160405400674535,0.0,4.497255311952551,0.0,1.4901169679467913e-08,2.876592641404821e-10,0.0,0.0,0.0,0.0,2.0,0.45700993890062563,2.0,0.0,0.5389124832597282,0.8349276753472054,-0.2573803046068893,0.18384259044822931,-0.5487335256932772,0.4418607040726814,0.0
199408,0.9128815134691557,12.0,-3.014463051887804,0.39696783200975894,0.0,0.0,0.0,0.0,1.0,12.0,0.0,3.679766265345288e-68,-3.330057134423857e-17,-4.334660225335369e-18,0.012081062018732918,0.5085721437390605,1.0,5.0,9.0,0.0,0.23244549454075725,0.6075462664514193,0.0,6.930988761861177,0.0,1.4901161193847656e-08,2.9291724913476635e-10,0.0,0.0,0.0,0.0,2.0,0.4891205954434313,1.0,0.0,0.5963456327553711,1.0071226030927798,-0.23837020958966176,0.15981954365060874,-0.5108157602913005,0.4402062849325,0.0
199409,0.9190961316671116,12.0,-5.1564931025722105,0.2933329918538671,0.0,0.0,0.0,0.0,1.0,12.0,0.0,8.332459689179108e-68,-1.540162963152641e-16,4.1747511531356614e-18,-0.17691679432788424,0.852799352379197,1.0,4.0,8.0,0.0,0.2048004367824812,0.4836367304237173,0.0,7.969836296270341,0.0,1.4901301449837942e-08,2.914311679497179e-10,0.0,0.0,0.0,0.0,2.0,0.48706769788472576,2.0,0.0,0.517086578046394,0.7896794371348765,-0.14265379994376137,0.38643751390887876,-0.4264905686393118,0.7573710038280398,0.0
199410,0.9486043117249979,12.0,-4.434729422685735,0.19287389549787629,0.0,0.0,0.0,0.0,1.0,12.0,0.0,2.3488553206657724e-70,4.7457325569445604e-18,-2.1291305610795372e-18,-0.2767654281105084,0.26086446963586746,1.0,3.0,7.0,0.0,0.2677227606196518,0.6992743660995325,0.0,9.749852273539704,0.0,0.6277108230323742,0.6277108230323742,0.0,0.0,0.0,0.0,2.0,0.3933861262268387,2.0,0.0,0.5094102165278817,0.8030152785513875,-0.028517035102967506,0.387839607541686,-0.5102205293154004,1.0227967425932873,0.0
199411,0.913151047414378,12.0,-4.608991416316047,0.14671913753979163,0.0,0.0,0.0,0.0,1.0,12.0,0.0,1.2665178468918806e-68,-1.7114020211861723e-17,2.8129494048505724e-18,-0.37466145565879044,0.4428408688166899,1.0,2.0,6.0,0.0,0.25359644840695167,0.5682479399435866,0.0,9.264274734993812,0.0,0.9064222608599245,1.0643713740819273e-13,0.0,0.0,0.0,0.0,2.0,0.3806911556777559,2.0,0.0,0.5379253909198377,0.915816990874608,-0.07660070624070225,0.4113332453528893,-0.38939120242984765,0.8247826403081131,0.0
199412,0.9130857710490103,12.0,-5.754417317171153,0.208460889703873,0.0,0.0,0.0,0.0,1.0,12.0,0.0,3.842420663722518e-68,-3.078131638664273e-16,-0.0,-0.25325065443058986,0.5026776084039154,1.0,12.0,5.0,0.0,0.3456520874207808,0.6367075656726736,0.0,9.592198116637132,0.0,0.9999999850988204,5.147993905727744e-14,0.0,0.0,0.0,0.0,2.0,0.3411886525668347,2.0,0.0,0.4723739025130543,0.8467791345521769,0.020984418316921494,0.5447066696515899,-0.41018151324551416,0.8137443520046423,0.0
199501,0.9406650588132917,12.0,-1.8183543181732513,0.36524504862881235,0.0,0.0,0.0,0.0,1.0,12.0,0.0,3.9317727509382245e-69,3.268975533937732e-17,2.6770727878351156e-18,-0.3907680600518924,0.4571228605981658,1.0,11.0,4.0,0.0,0.3679259801953373,0.7176720420242491,0.0,5.427877426332152,0.0,0.7756974863058078,8.980768004672763e-15,0.0,0.0,0.0,0.0,2.0,0.3385445560735474,2.0,0.0,0.6992115992294444,1.2308586751184927,-0.23329530606561757,0.43024519892480995,-0.5616864301317724,0.9510418146179335,0.0
199502,0.9773570269284195,12.0,-2.014702925713932,0.40143642633735727,0.0,0.0,0.0,0.0,1.0,12.0,0.0,2.170714805273793e-68,1.8132876625385956e-17,2.7469553705258052e-18,-0.11698183724966693,1.222296561595633,1.0,10.0,3.0,0.0,0.5313631079347729,0.7662609886779798,0.0,4.052319317785563,0.0,1.4901170521791387e-08,2.940759757815631e-10,0.0,0.0,0.0,0.0,2.0,0.3029881790805277,1.0,0.0,0.7376405881819661,1.5137063950188643,-0.1771865590383414,0.5712768576221787,-0.5219435618168986,0.9845816725617139,0.0
199503,1.0306723410471519,12.0,-2.9070052751143303,0.3600492026750389,0.0,0.0,0.0,0.0,1.0,12.0,0.0,4.431253446455741e-68,-2.5195396835842863e-16,8.181861239733027e-18,-0.18936732935806677,0.24291092964915795,1.0,9.0,2.0,0.0,0.33121252027308523,0.5290480019588916,0.0,3.0850677553426156,0.0,0.9371287210757688,3.388547306380524e-14,0.0,0.0,0.0,0.0,2.0,0.2013522317079573,2.0,0.0,0.7519956114430268,1.4879706573677907,-0.04178374412489466,0.3339794722333516,-0.42218617520922586,0.6329949084702983,0.0
199504,0.9782409804410581,12.0,-2.9117504623866224,0.37338782466118753,0.0,0.0,0.0,0.0,1.0,12.0,0.0,5.6971894227122255e-71,-5.780974233490447e-18,2.0568785003920445e-19,-0.3135262207842273,0.3711679231526555,1.0,8.0,1.0,0.0,0.12707549940973525,0.35988819534997274,0.0,1.1819659122925639,0.0,0.8862101560306147,7.924038602680462e-15,0.0,0.0,0.0,0.0,2.0,0.3729874858367024,3.0,0.0,0.6759650539186455,1.2173979854937382,-0.08007023066867042,0.1761159206884989,-0.41220600442143196,0.2956448843352343,0.0
199505,0.9436679805853787,12.0,-4.056779064932895,0.22974026304300815,0.0,0.0,0.0,0.0,1.0,12.0,0.0,2.2883951542188773e-68,-5.771561184505452e-17,2.9734940731940587e-18,-0.005316230039427419,0.32937819719130645,1.0,7.0,3.0,0.0,0.1793206157434995,0.39673760632144134,0.0,0.21142841033102344,0.0,0.8578422154083817,4.382040780991241e-14,0.0,0.0,0.0,0.0,2.0,0.3724114175543511,4.0,0.0,0.5674398318461605,0.9692813508370786,-0.13825052333949212,0.2635952526543938,-0.5060228093808917,0.4809722587514677,0.0
199506,0.7926067496841745,12.0,-6.261068299979847,0.2566723635001654,0.0,0.0,0.0,0.0,1.0,12.0,0.0,3.055943076153358e-125,-1.4791141972893971e-31,-1.1093356479670479e-31,-0.2953852021357741,0.33320158565584507,1.0,12.0,2.0,0.0,0.31328170273895084,0.3124627813491951,0.0,1.9260171906972292,0.0,1.4901161193847656e-08,2.875094180376632e-10,0.0,0.0,0.0,0.0,2.0,0.8936585090794871,3.0,0.0,0.18564074387499785,0.22486363877395088,-0.3748448512729832,0.38553513497911596,-0.47910933549154255,0.48076182679485036,0.0
199507,0.6773735703586943,12.0,-12.401653338803172,0.14527050549070633,0.0,0.0,0.0,0.0,1.0,12.0,0.0,9.27243989289846e-68,1.1396618166998755e-16,1.267170830325761e-17,-0.07916064792378034,0.41880569253817346,1.0,11.0,1.0,0.0,0.34451921936159347,0.5421277249723887,0.0,0.9824084411916191,0.0,1.490138441701421e-08,2.880616779651059e-10,0.0,0.0,0.0,0.0,2.0,0.8911530515661777,4.0,0.0,-0.17422334404557732,0.26716227522677355,-0.5580183954815576,0.561307691549216,-0.6617900948359429,0.7292892373301929,0.0
199508,0.6587126946838492,12.0,-14.979451491545058,0.23514490105642175,0.0,0.0,0.0,0.0,1.0,12.0,0.0,2.002873181855843e-70,6.7145240318904415e-18,-7.052783313812948e-19,-0.26635359388727714,0.3562780060785484,1.0,10.0,9.0,0.0,0.62822287926694,1.124987840332141,0.0,3.699929544840874,0.0,1.4901161193847656e-08,2.9353096851617436e-10,0.0,0.0,0.0,0.0,2.0,0.886000381182443,4.0,0.0,-0.30537917991881963,0.22299171074074547,-0.6975263816660142,0.8793449612581636,-0.8184183119212713,1.1919438195899108,0.0
199509,0.6222536877927142,12.0,-12.983628412349809,0.37968516641335254,0.0,0.0,0.0,0.0,1.0,12.0,0.0,3.004497059498348e-68,-1.237333168923286e-16,-2.821113325525421e-18,-0.459858635406132,0.34907048567023446,1.0,9.0,12.0,0.0,0.689986401707422,1.1150131226967361,0.0,6.527305598014428,0.0,1.4901281371657317e-08,2.9506870127929313e-10,0.0,0.0,0.0,0.0,2.0,0.8363099697037261,3.0,0.0,-0.08941874528362148,0.3625717458893996,-0.702641700541775,0.9647699637952104,-0.8346699262689952,1.2750750465814271,0.0
199510,0.6219696343018344,12.0,-13.431549750840738,0.2827129289214477,0.0,0.0,0.0,0.0,1.0,12.0,0.0,2.2299485357628302e-68,-6.544772224920087e-19,-7.273774846641606e-18,-0.4239212099462906,0.5638991233846646,1.0,8.0,11.0,0.0,0.6216631646627345,0.6592750465964029,0.0,3.3127970200190124,0.0,1.4901161193847656e-08,2.951854473078413e-10,0.0,0.0,0.0,0.0,2.0,0.83812556739271,4.0,0.0,-0.18391129876648343,0.40980891844511996,-0.6189796661993242,1.1094141376246922,-0.7610527328108941,1.4177683449893907,0.0
199511,0.6365953542472994,12.0,-11.13580455675065,0.14992161128013562,0.0,0.0,0.0,0.0,1.0,12.0,0.0,1.872784257336118e-71,-2.0798992359945188e-18,7.134422520559327e-19,-0.14503839752400127,0.09085579637401685,1.0,7.0,10.0,0.0,0.4687165902378889,1.1001014715011728,0.0,4.336686061246856,0.0,1.4901161193847656e-08,1.481594839472616e-08,0.0,0.0,0.0,0.0,2.0,0.8299426257848445,4.0,0.0,-0.10100181860917044,0.27233684334465547,-0.5330019835520948,0.7611754645627841,-0.819682468382194,1.5568078432215735,0.0
199512,0.6224044679703722,12.0,-11.080339010873487,0.1418767048034524,0.0,0.0,0.0,0.0,1.0,12.0,0.0,5.121550647333533e-69,-6.216343064841515e-18,4.978158983835377e-19,-0.32910103482330266,0.4287529325326852,1.0,6.0,9.0,0.0,0.5165133056379394,1.1181616937869734,0.0,4.014583879849395,0.0,1.4901161193847656e-08,9.281555562715111e-21,0.0,0.0,0.0,0.0,2.0,0.8193060218343552,4.0,0.0,-0.005194077779825804,0.3230577980791488,-0.5471871914033228,0.7217090051554517,-0.7904605753019176,1.3628311556920132,0.0
199601,0.6592284939378141,12.0,-10.186125036588741,0.24001104149183744,0.0,0.0,0.0,0.0,1.0,12.0,0.0,6.86525687455757e-69,-9.292660286655609e-17,-1.3188531468833071e-17,0.47587053752346115,0.543480364308246,1.0,5.0,8.0,0.0,0.5528102027071545,1.0411294614193272,0.0,4.295161738605344,0.0,1.4901161193847656e-08,2.8945130752955423e-10,0.0,0.0,0.0,0.0,3.0,0.7985162693633522,4.0,0.0,0.11896315354532558,0.22826614869651626,-0.5664600945344226,0.8005455101477519,-0.783717147787901,1.2536819479219115,0.0
199602,0.7384342997663395,12.0,-8.627612570817233,0.31886095554068655,0.0,0.0,0.0,0.0,1.0,12.0,0.0,6.143481390828884e-67,-3.480572468146773e-17,1.084435748725992e-17,-0.15453319550438196,0.8245411292812821,1.0,4.0,7.0,0.0,0.5321507358270302,0.8705157289587135,0.0,4.35475999705577,0.0,1.4901212575445084e-08,2.9200046188572556e-10,0.0,0.0,0.0,0.0,4.0,0.782603772393892,3.0,0.0,0.2202479280564581,0.25034456119914233,-0.5675696498618021,0.6205774015773078,-0.7604897601710245,1.022476734591631,0.0
199603,0.795950851242165,12.0,-8.722206853495978,0.288450090197381,0.0,0.0,0.0,0.0,1.0,12.0,0.0,3.055943076153358e-125,1.4791141972893971e-31,1.1093356479670479e-31,-0.2953852021357741,0.33320158565584507,1.0,3.0,6.0,0.0,0.36035774078538635,0.6596640810791963,0.0,5.383937909487429,0.0,1.4901161193847656e-08,2.929067603101599e-10,0.0,0.0,0.0,0.0,4.0,0.7679308104913652,4.0,0.0,0.2383734785820013,0.2382909937414349,-0.49507889783205095,0.4632489114025578,-0.6572893038520593,0.716076789766955,0.0
199604,0.787658089960293,12.0,-10.040467206171503,0.29509918307158717,0.0,0.0,0.0,0.0,1.0,12.0,0.0,3.8359906308913956e-69,4.6793964685960704e-17,-5.189845110798541e-18,0.014965839573947294,0.37089223775143,1.0,2.0,5.0,0.0,0.3667329353685994,0.37021872887416024,0.0,5.9695902886102425,0.0,1.4901162825047636e-08,2.930509171121459e-10,0.0,0.0,0.0,0.0,4.0,0.772739319312572,5.0,0.0,0.21747419401529303,0.2461728021068876,-0.3338220251637346,0.30035988358742616,-0.4430095128945922,0.40885338520348774,0.0
199605,0.9087657870628666,12.0,-8.34456827217271,0.17645416088774596,0.0,0.0,0.0,0.0,1.0,12.0,0.0,2.639164077445627e-69,2.547024343397115e-16,-3.934953259796729e-18,0.18035186355070693,1.0609928072479218,1.0,1.0,4.0,0.0,0.24830623633879761,0.4815858373891371,0.0,8.270712675078208,0.0,1.4901476351333238e-08,2.8942800157476074e-10,0.0,0.0,0.0,0.0,4.0,0.66577869799749,5.0,0.0,0.44424578505275586,0.5462735173073769,-0.006437569589698768,0.2558791833832795,-0.45558085707415147,0.4129459032649219,0.0
199606,0.9132801497106017,12.0,-3.60944718894465,0.28700534763120383,0.0,0.0,0.0,0.0,1.0,12.0,0.0,7.931491683760606e-67,8.998619882098447e-17,-1.6388055854149689e-18,-0.11757244518150654,0.17942145311843086,1.0,7.0,3.0,0.0,0.2072856824522708,0.45060331994647607,0.0,11.240352641665623,0.0,0.911787522539254,0.0,0.0,0.0,0.0,0.0,4.0,0.6166487956770831,5.0,0.0,0.5922433956292154,0.6792584754636188,-0.056935664392622744,0.17671904556234938,-0.45729743740986234,0.3821053293595411,0.0
199607,0.8197882701018263,12.0,-4.527625586414286,0.1967234403365893,0.0,0.0,0.0,0.0,1.0,12.0,0.0,5.667397391083173e-67,1.218182659639816e-16,1.2883500561463045e-17,-0.3174458419354964,0.18653695124208133,1.0,6.0,2.0,0.0,0.06640048151473456,0.23955110781574834,0.0,6.227840567579477,0.0,0.8147744226269737,0.0,0.0,0.0,0.0,0.0,4.0,0.615151035827271,6.0,0.0,0.4788746784696426,0.46444920882973606,-0.11544845359234335,0.19751796131878693,-0.2956273585583938,0.30902330831068453,0.0
199608,0.6924348312098354,12.0,-9.173329109309277,0.18589581677408604,0.0,0.0,0.0,0.0,1.0,12.0,0.0,8.23762846200873e-68,-1.848947152962277e-16,-2.7691932312416146e-17,-0.09139130412876065,0.19106614796400875,1.0,12.0,1.0,0.0,0.13510495571624084,0.20576181507576322,0.0,6.862096666590376,0.0,1.4901161193847656e-08,2.8724163765381536e-10,0.0,0.0,0.0,0.0,3.0,0.8800744319262278,5.0,0.0,0.05938162119052595,0.19896004285440086,-0.0766633773686811,0.26439616273935107,-0.3777356896813584,0.3389891197984527,0.0
199609,0.8767697377706483,12.0,-11.162417006036058,0.10624400261315942,0.0,0.0,0.0,0.0,1.0,12.0,0.0,3.9091850569662184e-69,-1.306053755579429e-16,1.5093885532030942e-17,0.5444088972280671,0.782571133621998,1.0,11.0,10.0,0.0,0.2962150788154363,0.6389356931707149,0.0,6.176002526526243,0.0,1.4901242128517957e-08,6.575728263104341e-09,0.0,0.0,0.0,0.0,2.0,0.8601355327401004,3.0,0.0,0.020835940002281412,0.28812465788652164,-0.4818667538738692,0.450150277296933,-0.699506286383291,0.7477440413319388,0.0
199610,0.9413101039877977,12.0,-8.85976449198324,0.14656409198286216,0.0,0.0,0.0,0.0,1.0,12.0,0.0,2.0008839488557563e-68,1.3824652001741722e-16,5.8419434918496394e-18,-0.499271800302291,0.2719991817777707,1.0,12.0,9.0,0.0,0.31167195037025547,1.0670193699511163,0.0,7.863102283909871,0.0,0.5142384864997757,2.5111703624199273e-14,0.0,0.0,0.0,0.0,3.0,0.6810938797690234,3.0,0.0,0.19756323065821105,0.48476195742632744,-0.5297462638768572,0.5411525298947986,-0.7756998960729765,0.9584765218373129,0.0
199611,0.9053865688265847,12.0,-4.463090603883827,0.2640474597286534,0.0,0.0,0.0,0.0,1.0,12.0,0.0,2.5376492076302158e-68,-2.4318679733822297e-16,1.3534020744807262e-17,-0.3368895738573563,0.4694017600461336,1.0,12.0,8.0,0.0,0.28908012213868695,0.9321333894913426,0.0,12.60474759776846,0.0,0.5311290178670324,0.5311290178670324,0.0,0.0,0.0,0.0,3.0,0.5568209003487306,3.0,0.0,0.3341259711614645,0.5149518348589389,-0.42418230079093283,0.2977156047454483,-0.746541171740872,0.801756253065231,0.0
199612,0.8807726131958994,12.0,-4.074302829735638,0.3324482112332999,0.0,0.0,0.0,0.0,1.0,12.0,0.0,2.388431988797058e-69,3.2119393598744824e-17,7.496139103962114e-19,0.009458259233571633,0.3196653100700505,1.0,11.0,7.0,0.0,0.3168948105804008,0.7654931647412371,0.0,11.971129381301422,0.0,0.5759773038246656,1.5273515738490775e-14,0.0,0.0,0.0,0.0,3.0,0.4668942241782679,2.0,0.0,0.5244015242892199,0.8365878922956547,-0.472663792019084,0.32303975696379605,-0.7214867244449372,0.6315050843489416,0.0
199701,0.9099706592749677,12.0,-1.7420926301019475,0.42626416753011,0.0,0.0,0.0,0.0,1.0,12.0,0.0,2.7365257252351667e-67,9.955646359217608e-17,5.152140220479749e-18,-0.39557488947326896,0.4619128604380135,1.0,12.0,6.0,0.0,0.41978504070862116,0.8741067453050315,0.0,13.201395186307217,0.0,1.4901161193847656e-08,2.933094264175914e-10,0.0,0.0,0.0,0.0,3.0,0.45739884333439407,1.0,0.0,0.5640703281269783,1.153071492766991,-0.5525748398793807,0.4448849495620669,-0.7460618896181364,0.7589585367486499,0.0
199702,0.9732954086356429,12.0,-0.8963108985089161,0.4885552845234121,0.0,0.0,0.0,0.0,1.0,12.0,0.0,4.889508921845373e-124,2.9582283945787943e-31,2.2186712959340957e-31,-0.2953852021357741,0.33320158565584507,1.0,12.0,5.0,0.0,0.8555243789072204,1.2791106361242939,0.0,9.033397466090628,0.0,1.490116130563181e-08,2.968747007814487e-10,0.0,0.0,0.0,0.0,3.0,0.5708660654368846,3.0,0.0,0.6333990946950537,1.3679542818447936,-0.7042086737085756,0.921022016161369,-0.7906248251195839,1.0658935377290149,0.0
199703,0.9600166349352965,12.0,-4.459829867945854,0.39109016301858,0.0,0.0,0.0,0.0,1.0,12.0,0.0,2.1448238706257005e-70,-4.1597984719880515e-18,4.815320355008758e-18,0.4819456891958903,0.7581302704328416,1.0,11.0,4.0,0.0,0.23957916364164125,0.5119888896389121,0.0,10.393108472871608,0.0,1.4901174334896454e-08,2.9402182261290916e-10,0.0,0.0,0.0,0.0,2.0,0.4859828751939844,4.0,0.0,0.5270308638547966,1.0192040738050923,-0.3421683293589587,0.4655541765524369,-0.5870940674325137,0.6451136235263151,0.0
199704,0.9473751986682676,12.0,-5.133659540680261,0.32591263158540984,0.0,0.0,0.0,0.0,1.0,12.0,0.0,2.047524308999123e-68,7.116764124151797e-17,2.0406128979231333e-18,-0.14246169113480756,0.24875648369168119,1.0,10.0,3.0,0.0,0.3369308708766605,0.7668340664991721,0.0,7.281946581522429,0.0,1.490121462668505e-08,2.541324384402295e-22,0.0,0.0,0.0,0.0,2.0,0.48891792692200403,3.0,0.0,0.44333086992607096,0.777631985091495,-0.44208798653834913,0.6553009969194737,-0.6031397419364657,0.9517422100803694,0.0
199705,0.8972256634808189,12.0,-5.501930373960421,0.23676559996790913,0.0,0.0,0.0,0.0,1.0,12.0,0.0,1.732993626546059e-67,-3.1180756328796967e-16,5.039281906461299e-18,0.07263786502214749,0.41344721862739076,1.0,9.0,2.0,0.0,0.33103233549472205,0.6045322771163221,0.0,6.9430665366056905,0.0,0.5378074928352731,0.0,0.0,0.0,0.0,0.0,2.0,0.540263077111464,4.0,0.0,0.4074743816859889,0.6278511652642961,-0.4058522231836252,0.6661225150185346,-0.5579081184963889,0.9801847683743239,0.0
199706,0.8778728931483145,12.0,-8.13733183666826,0.17116433554280974,0.0,0.0,0.0,0.0,1.0,12.0,0.0,2.484855442413739e-68,1.0859807915196475e-16,-1.624033403792248e-17,0.38228328667015815,0.8522900130856814,1.0,8.0,1.0,0.0,0.2979083634474629,0.6991218268776157,0.0,3.7116448892024736,0.0,0.6865282838250385,0.0,0.0,0.0,0.0,0.0,2.0,0.5911597856461293,4.0,0.0,0.26110081531795515,0.5997669592204906,-0.24470169757115487,0.6001465181830858,-0.5173155282489342,0.813561391187686,0.0
199707,0.9790064033454402,12.0,-6.598178754309299,0.17731965277844505,0.0,0.0,0.0,0.0,1.0,12.0,0.0,3.644091033839487e-69,-8.794423267884917e-18,2.4491762024481137e-20,-0.2169597453976369,0.29691765338996196,1.0,7.0,8.0,0.0,0.3847225793307116,0.7334061608222284,0.0,6.924139947146284,0.0,1.4901161193847656e-08,2.831657664435494e-10,0.0,0.0,0.0,0.0,2.0,0.5974754602833061,4.0,0.0,0.3624673249038171,0.5855019169180348,-0.30965412394960673,0.46878973414361225,-0.5480432989215578,0.7545384298200412,0.0
199708,0.9497197076648097,12.0,-7.467703369638508,0.2049255400051006,0.0,0.0,0.0,0.0,1.0,12.0,0.0,3.924498112557256e-73,-2.9275632184480686e-18,6.893142443389025e-19,-0.09117342970867881,0.049341459682302184,1.0,6.0,7.0,0.0,0.3480501075031642,0.7162796402574741,0.0,6.311481825105251,0.0,1.4901161193847656e-08,2.885541893926446e-10,0.0,0.0,0.0,0.0,2.0,0.6169644023506501,3.0,0.0,0.3387996625436101,0.5018375863869992,-0.27529003888890363,0.38400968129429514,-0.5604436119443146,0.6508983715657441,0.0
199709,0.9447868160919081,12.0,-6.363715812147767,0.44103545880227063,0.0,0.0,0.0,0.0,1.0,12.0,0.0,1.951571783436713e-67,3.7338615840358124e-17,3.817757096332001e-18,0.291250899271268,0.6728831407339072,1.0,5.0,12.0,0.0,0.18484622785032692,0.371920945823093,0.0,1.2300488355103585,0.0,1.4901177801067516e-08,2.937305485997516e-10,0.0,0.0,0.0,0.0,2.0,0.7743420634289323,3.0,0.0,0.12183184817155923,0.3114128679171273,-0.25440114888159665,0.37919859114486504,-0.33342567511720583,0.4807280895758903,0.0
199710,0.874671474409942,12.0,-10.103631099178378,0.4197198795720208,0.0,0.0,0.0,0.0,1.0,12.0,0.0,8.579873787761448e-69,-2.376349287399056e-16,3.821266645719069e-18,-0.22911600705243407,0.4152096857712926,1.0,4.0,11.0,0.0,0.5531830926994579,0.37715552377932965,0.0,0.959176297214292,0.0,1.4901211570518307e-08,2.96314656324082e-10,0.0,0.0,0.0,0.0,2.0,0.7802704578706517,4.0,0.0,0.06368789090183621,0.2793325161239453,-0.5350063744050241,0.5168646779923899,-0.45250204495408863,0.44346598832715933,0.0
199711,0.7652773865565148,12.0,-9.538782478737748,0.2731464448378723,0.0,0.0,0.0,0.0,1.0,12.0,0.0,7.990513424486504e-68,-1.3050205879846236e-16,-9.106745412816294e-18,-0.040658368496184476,0.23268727028845643,1.0,3.0,10.0,0.0,0.3564853439773657,0.8923604226424483,0.0,0.5242958832670597,0.0,1.4903740588249223e-08,9.927131897390138e-09,0.0,0.0,0.0,0.0,2.0,0.7832120298806997,4.0,0.0,0.0376053488743086,0.20419318129888056,-0.43820371163390337,0.4026309568591897,-0.6483765988684119,0.6644140420200213,0.0
199712,0.6621365622768057,12.0,-9.223478440449833,0.2414026028246454,0.0,0.0,0.0,0.0,1.0,12.0,0.0,2.501188905741935e-68,9.570611945697388e-17,2.5790084725405265e-19,-0.34356797235744874,0.2831614749164236,1.0,2.0,9.0,0.0,0.49416531338934616,0.8533327714230305,0.0,0.9282485485570163,0.0,1.490124426313959e-08,2.9052218863054535e-10,0.0,0.0,0.0,0.0,2.0,0.7606436482940104,7.0,0.0,-0.025110019664153535,0.2541465554469871,-0.4607609837757468,0.4533678207690063,-0.5919121708165112,0.5878793581661159,0.0
199801,0.635259405458711,12.0,-12.797859181538998,0.15138022552466024,0.0,0.0,0.0,0.0,1.0,12.0,0.0,6.204441863352351e-67,4.3367023963798915e-17,2.150443271130934e-17,0.043933060998221286,0.15965531772142752,1.0,1.0,8.0,0.0,0.4066855675095881,0.7829358637927077,0.0,0.10152864971468283,0.0,1.490146618547016e-08,2.880277796885403e-10,0.0,0.0,0.0,0.0,2.0,0.7567959128768151,8.0,0.0,-0.1534732516915613,0.29517045597892083,-0.45927021964846804,0.5534534696395613,-0.5650234408088645,0.528808712418159,0.0
199802,0.5938031646356796,12.0,-11.741256598187233,0.22755854407869877,0.0,0.0,0.0,0.0,1.0,12.0,0.0,3.5308546528139464e-68,-1.6302911237343007e-16,-4.314424262499185e-19,-0.04686251114789057,0.42799284639871404,1.0,11.0,7.0,0.0,0.6491251248326706,0.8113928476823,0.0,0.4307722260677867,0.0,1.4901161193847656e-08,2.9192494929937206e-10,0.0,0.0,0.0,0.0,2.0,0.7814863407126877,7.0,0.0,-0.09242588079380809,0.19774661311884012,-0.5252380256832923,0.5213486294186414,-0.6141946275901354,0.6370506887681004,0.0
199803,0.6199647953225208,12.0,-11.38874713093018,0.10384620017245703,0.0,0.0,0.0,0.0,1.0,12.0,0.0,2.2150006959517956e-70,-2.407975533283815e-17,-1.8559800747157994e-18,-0.04185784289451679,0.2797777615036934,1.0,10.0,6.0,0.0,0.43340838128937337,0.7222767199493625,0.0,1.06013556271662,0.0,1.4901161193847656e-08,2.922431914747941e-10,0.0,0.0,0.0,0.0,2.0,0.6754305064171402,7.0,0.0,-0.11106529801086479,0.3864186057761154,-0.380679467984196,0.4648296019424914,-0.5913396996346849,0.6220054812649153,0.0
199804,0.6740241207799799,12.0,-11.15932047092923,0.10829902499240937,0.0,0.0,0.0,0.0,1.0,12.0,0.0,5.975886774459791e-69,-8.99195726078559e-17,-9.566964042064998e-18,-0.3421338763047226,0.553296680624706,1.0,9.0,5.0,0.0,0.7368221248463844,0.7618472203354769,0.0,0.35010597628733037,0.0,1.4901161193847656e-08,2.9268118737324686e-10,0.0,0.0,0.0,0.0,1.0,0.6786038690532145,4.0,0.0,-0.10691164793138361,0.37570503585968174,-0.44711256036002855,0.706206526032034,-0.5382277314906967,0.695311078280867,0.0
199805,0.6896730822133197,12.0,-11.096712615920275,0.11614914568570096,0.0,0.0,0.0,0.0,1.0,12.0,0.0,8.028046927386257e-68,2.4761185495840263e-16,-3.869992313447717e-18,-0.44815827278093845,0.2780025264036107,1.0,8.0,4.0,0.0,0.7514617337044203,1.0612687704376085,0.0,0.3037808732441964,0.0,1.490157205016888e-08,2.91707427016767e-10,0.0,0.0,0.0,0.0,2.0,0.6845609180286184,4.0,0.0,-0.10551282926832746,0.3439844481833155,-0.439461445369832,0.627835817313633,-0.5837256321303438,0.811612371930857,0.0
199806,0.6844619574731925,12.0,-11.053486408846736,0.10954896821280215,0.0,0.0,0.0,0.0,1.0,12.0,0.0,2.032668768686931e-68,-1.2391359884451665e-17,9.006174222027202e-18,-0.036454555229679365,0.2524648917588537,1.0,7.0,3.0,0.0,0.7510264549674508,1.0573394615485554,0.0,0.2533341885672451,0.0,1.4901161193847656e-08,2.905946129570492e-10,0.0,0.0,0.0,0.0,3.0,0.7084115922455362,7.0,0.0,-0.10480790148273084,0.3228439074339969,-0.44105001021618295,0.6085018122385377,-0.5677880816873168,0.8078827534155997,0.0
199807,0.6747757376553141,12.0,-11.556515636256337,0.1141521826448647,0.0,0.0,0.0,0.0,1.0,12.0,0.0,3.992131278894475e-68,-9.371121507639229e-17,7.589869013171615e-18,-0.7115340928258634,1.609883986772845,1.0,6.0,2.0,0.0,0.7183494844208628,0.4798049715744467,0.0,0.23130680068710183,0.0,1.4901161193847656e-08,2.9193179541597117e-10,0.0,0.0,0.0,0.0,3.0,0.6545752925762789,6.0,0.0,-0.09527216604932467,0.4004507120904509,-0.3921983459678062,0.6173619662762715,-0.35428643017348893,0.6430110017520727,0.0
199808,0.6872283897071845,12.0,-10.893822471736655,0.17281121140346298,0.0,0.0,0.0,0.0,1.0,12.0,0.0,2.5275066281947955e-69,5.18672820971941e-17,2.7784470572622706e-18,0.03883746203581198,0.3519529791175966,1.0,5.0,1.0,0.0,0.39571400964602826,0.45887077708266616,0.0,0.1994247261563683,0.0,1.4901224020435905e-08,2.906842615622629e-10,0.0,0.0,0.0,0.0,3.0,0.664560919608799,5.0,0.0,0.0024332031856622786,0.428294096624821,-0.09285302214543326,0.4540975197439835,-0.3078344367850983,0.6024050418647721,0.0
199809,0.791066249867582,12.0,-8.826720885509754,0.12425692991877048,0.0,0.0,0.0,0.0,1.0,12.0,0.0,9.18478158372041e-70,9.155527313890852e-18,6.250941418615512e-19,-0.25206800831077586,0.4750165731759211,1.0,4.0,6.0,0.0,0.36088003303565397,0.6785527422942234,0.0,0.12299192494903884,0.0,1.4901161193847656e-08,2.8668959741823396e-10,0.0,0.0,0.0,0.0,2.0,0.787587150392963,4.0,0.0,0.14847676911034785,0.2905748080396627,-0.3450843726830926,0.34322767050990777,-0.5007308010310892,0.5620216400618163,0.0
199810,0.8020355158574891,12.0,-8.558051312663974,0.15819278603961348,0.0,0.0,0.0,0.0,1.0,12.0,0.0,1.906011619626398e-67,-2.3702893092795653e-16,6.8619310920332656e-18,-0.16488818399952512,0.2822973488420341,1.0,3.0,5.0,0.0,0.30704953749868724,0.9502244069574742,0.0,0.0880736903909118,0.0,1.490139361507745e-08,2.842216074736194e-10,0.0,0.0,0.0,0.0,2.0,0.6840680663937153,4.0,0.0,0.1751824390887465,0.2973135266599864,-0.3171120162628662,0.4117443615719977,-0.4329255823264614,0.5853747755305724,0.0
199811,0.7668456399753509,12.0,-5.879829355820724,0.3045360508404842,0.0,0.0,0.0,0.0,1.0,12.0,0.0,1.4639190916661354e-67,-3.49398095889601e-18,1.1744396515164634e-17,-0.3250057846992202,0.5162143570353981,1.0,12.0,4.0,0.0,0.2691491025942078,0.35275428580939555,0.0,0.2194807916718323,0.0,1.4901161193847656e-08,2.8759164707900455e-10,0.0,0.0,0.0,0.0,2.0,0.6322186880027305,3.0,0.0,0.31027795595711155,0.4149504527585954,-0.1565800709654435,0.3870234774395698,-0.2713989100461227,0.3372788783318931,0.0
199812,0.8569253906722055,12.0,-6.3552673347948945,0.3107969101103429,0.0,0.0,0.0,0.0,1.0,12.0,0.0,3.496579763783627e-68,-2.6368028088308238e-17,-8.452566024498244e-18,0.12308343191431963,0.522227338522882,1.0,11.0,3.0,0.0,0.1013266857242198,0.3929349064124317,0.0,0.8184627845799,0.0,1.4901228324594916e-08,2.8977135860407614e-10,0.0,0.0,0.0,0.0,2.0,0.5473654272812846,2.0,0.0,0.48437618498717394,0.6227451083953723,-0.08081215244474349,0.27542241560933434,-0.4652188232683988,0.4708367598613193,0.0
199901,0.835327768592509,12.0,-1.9641754642606342,0.47733802025383654,0.0,0.0,0.0,0.0,1.0,12.0,0.0,3.8748214099681376e-67,1.5491420415832192e-16,1.237850735903905e-17,-0.3872074310139022,0.4112936966883121,1.0,12.0,2.0,0.0,0.36300126280779443,0.2996057452766127,0.0,3.102718076077244,0.0,1.4901161193847656e-08,2.967242638576711e-10,0.0,0.0,0.0,0.0,2.0,0.6310615274095763,1.0,0.0,0.5163648085168424,0.9826646166090323,-0.48467742483294635,0.5943746235471058,-0.3975627511595364,0.5082318697779059,0.0
199902,0.8607144662046131,12.0,-3.452324755559376,0.5143269918171886,0.0,0.0,0.0,0.0,1.0,12.0,0.0,5.694903668803242e-68,2.17316969580107e-17,-9.063318184645933e-18,-0.4474178955736916,0.5660290034543533,1.0,11.0,1.0,0.0,0.34810983322586636,0.5397678101469031,0.0,6.023428341287989,0.0,1.4901161193847656e-08,2.971823110618581e-10,0.0,0.0,0.0,0.0,2.0,0.6787198312734232,3.0,0.0,0.5543209468466551,1.0710527347297087,-0.5196227805315605,0.48759950555480946,-0.5921795410078713,0.5349290374198848,0.0
199903,0.9490348005058681,12.0,-4.713922872237388,0.3240221402038981,0.0,0.0,0.0,0.0,1.0,12.0,0.0,3.3058615430365875e-67,-1.1727822848897128e-16,-4.04608681259499e-18,-0.09480213854184051,0.3242636316606275,1.0,10.0,1.0,0.0,0.2644184931880101,0.4057227141656263,0.0,2.568421678925027,0.0,0.646337496894792,0.646337496894792,0.0,0.0,0.0,0.0,3.0,0.4907520601952693,4.0,0.0,0.4659656702423527,0.6935087298850909,-0.07060263129382291,0.2938558191322033,-0.4534855698211885,0.47745068692897,0.0
199904,0.9030645049220982,12.0,-6.42612893762299,0.32043891607928077,0.0,0.0,0.0,0.0,1.0,12.0,0.0,1.1012917000655814e-67,2.9526522531292484e-16,-1.0020120728568553e-17,0.18486213702108586,0.3536992308478274,1.0,9.0,11.0,0.0,0.49646798271361064,0.4929240205233568,0.0,0.0899425903662131,0.0,1.490116629911258e-08,1.2469098846631507e-10,0.0,0.0,0.0,0.0,2.0,0.6242981631963137,3.0,0.0,0.2646416614378179,0.3939237505961759,-0.3762393201394276,0.5656153207653959,-0.36402137633659376,0.5991512690034686,0.0
199905,0.8790996401599236,12.0,-9.071738281119625,0.2025472337478405,0.0,0.0,0.0,0.0,1.0,12.0,0.0,3.7073326807602044e-68,7.512841847039258e-17,-6.131006240928652e-18,-0.540402890980229,0.5266272777390463,1.0,8.0,10.0,0.0,0.5173570713194611,1.016655138237213,0.0,0.12432989615959827,0.0,1.4901161193847656e-08,2.8506649952866406e-10,0.0,0.0,0.0,0.0,1.0,0.6429985408146237,4.0,0.0,0.11010688576467575,0.4111750570246011,-0.5012369371170146,0.7043733814496639,-0.5929070098658085,0.8926607741298982,0.0
199906,0.897607180072945,12.0,-9.97582944623683,0.15060683128771268,0.0,0.0,0.0,0.0,1.0,12.0,0.0,2.3169587710701967e-68,1.772126475249958e-16,8.158551622037165e-18,-0.44832849582830103,0.4683504437168881,1.0,7.0,9.0,0.0,0.5141740956416623,1.270650336435639,0.0,0.4073880862104824,0.0,1.4901483457141396e-08,2.837770823549934e-10,0.0,0.0,0.0,0.0,1.0,0.681907685576928,4.0,0.0,0.060571512058634064,0.48513067626408174,-0.4825588909519538,0.7246330415940587,-0.6428930702097686,0.9162003318153901,0.0
199907,0.8587704458385229,12.0,-9.243458662236133,0.23861750703993848,0.0,0.0,0.0,0.0,1.0,12.0,0.0,2.988260292890113e-67,6.595895121251213e-17,-9.965877818618647e-18,-0.021901735778819997,0.29861889353687054,1.0,6.0,8.0,0.0,0.5021427092259021,0.9273064897083404,0.0,0.34047125869195466,0.0,1.4901161193847656e-08,2.872030865779405e-10,0.0,0.0,0.0,0.0,2.0,0.6846748838820039,4.0,0.0,0.14064206508351706,0.27660647626574913,-0.482712812814462,0.6209264521871974,-0.6225054538260142,0.8082288876419734,0.0
199908,0.872136157112251,12.0,-9.130079788315834,0.304211364285888,0.0,0.0,0.0,0.0,1.0,12.0,0.0,2.5568621753813824e-69,-3.4286354226590885e-17,-7.113630630604579e-19,-0.6045469848320671,0.6982423530017599,1.0,5.0,7.0,0.0,0.42830413395264166,1.0065327946416522,0.0,0.19236692880103493,0.0,1.4901385511621816e-08,2.9106169210304137e-10,0.0,0.0,0.0,0.0,2.0,0.660437853367432,4.0,0.0,0.1991509871729295,0.36339843006105743,-0.46566332317588893,0.4905379495262493,-0.6446710595151707,0.7243071772746882,0.0
199909,0.8863670019274609,12.0,-7.559684443453664,0.4268391097096719,0.0,0.0,0.0,0.0,1.0,12.0,0.0,1.0234638954294386e-67,3.0384351773061193e-16,9.630640710016277e-18,0.04014881888141576,0.3743547174646122,1.0,4.0,6.0,0.0,0.5682177882341941,0.9849955504695957,0.0,0.7304899162927557,0.0,1.490120823010101e-08,2.958854054770762e-10,0.0,0.0,0.0,0.0,2.0,0.6577852093641331,3.0,0.0,0.26052839925123583,0.5217827546448359,-0.5516795585883735,0.5184264152327578,-0.6322339469558284,0.6534361712116452,0.0
199910,0.906532143961427,12.0,-7.018703633568628,0.4310596569272225,0.0,0.0,0.0,0.0,1.0,12.0,0.0,6.654230694566054e-125,-1.232595164407831e-31,-1.1709654061874394e-31,-0.3531236628155756,0.5476308296205726,1.0,3.0,5.0,0.0,0.6792061890586077,1.09063352605502,0.0,1.8937456287198284,0.0,1.490121474178886e-08,2.948892208946246e-10,0.0,0.0,0.0,0.0,2.0,0.6832523952310521,4.0,0.0,0.2539048852194458,0.48539535822556495,-0.5333186544866819,0.5352033630901855,-0.5885567052859073,0.5146151021736238,0.0
199911,0.8261643570711251,12.0,-7.45529573099849,0.30655882110178484,0.0,0.0,0.0,0.0,1.0,12.0,0.0,8.072858315994205e-69,-2.535724468385582e-16,1.0282874794661741e-18,-0.245170451446079,0.41367959413701394,1.0,2.0,4.0,0.0,0.37755075119716475,0.5491563318042092,0.0,0.98372302762548,0.0,1.4901161193847656e-08,2.9039052621363265e-10,0.0,0.0,0.0,0.0,2.0,0.7404748216835518,4.0,0.0,0.20883794958514007,0.2855972400489247,-0.4187310617238238,0.3679649304157467,-0.541539806966003,0.35979827897857,0.0
199912,0.7867298719436173,12.0,-8.340156941004677,0.20040960047315287,0.0,0.0,0.0,0.0,1.0,12.0,0.0,4.467611841400928e-69,-8.539218728289831e-17,1.3496369356357164e-17,0.2930530189597726,0.5083163671596344,1.0,1.0,3.0,0.0,0.19036710939678533,1.3123951460373537,0.0,1.977735064271518,0.0,0.48524817354144567,0.48524817354144567,0.0,0.0,0.0,0.0,2.0,0.7356202636456607,4.0,0.0,0.14345363991952556,0.2808661811377071,-0.35684838280797715,0.20906091546066788,-0.7180753445015857,0.6395525837711935,0.0
200001,0.7262438342649997,12.0,-10.472125422109777,0.22139448542613838,0.0,0.0,0.0,0.0,1.0,12.0,0.0,1.2493186194535622e-67,7.283753001431919e-17,2.868340573119216e-17,0.20510812144828897,0.4730996493207619,1.0,12.0,2.0,0.0,0.339717193797302,0.4881884220542849,0.0,4.6185156951886706,0.0,0.49199119466396385,0.4919911946639635,0.0,0.0,0.0,0.0,2.0,0.7370367429506026,4.0,0.0,0.1326305789979147,0.2937330334299932,-0.4698659278240035,0.3431199484075825,-0.5572405531709606,0.38038647450153273,0.0
200002,0.7151265649081147,12.0,-8.317306344813625,0.3201776963396965,0.0,0.0,0.0,0.0,1.0,12.0,0.0,4.3848880262923546e-68,2.0605014267673856e-16,2.9563072736151645e-18,-0.01814866001549488,0.6873374577792756,1.0,11.0,1.0,0.0,0.2453470377719132,0.07335577692590582,0.0,5.279644608420882,0.0,1.4901234329398276e-08,2.9085601345215885e-10,0.0,0.0,0.0,0.0,2.0,0.7593655489790906,3.0,0.0,0.35437789871149444,0.35382404068377016,-0.25968909619754427,0.33282746407982744,-0.19194783092989673,0.241942126205284,0.0
200003,0.9523354715476081,12.0,-5.1092663849393904,0.29453860225556544,0.0,0.0,0.0,0.0,1.0,12.0,0.0,4.245650357048192e-67,-1.5017123778522881e-16,2.3621543456701714e-17,-0.1138204203977652,0.3294222978073093,1.0,10.0,6.0,0.0,0.03553785732044986,0.40056298941737617,0.0,3.204547750229344,0.0,1.4901161193847656e-08,2.8748532542903223e-10,0.0,0.0,0.0,0.0,2.0,0.35684129246004065,2.0,0.0,0.5446738895247741,0.9718876494672619,-0.15640508023431005,0.21388703021179326,-0.4871728537159209,0.400812368391523,0.0
200004,0.9347882144995259,12.0,-4.696856430461665,0.3337523357727543,0.0,0.0,0.0,0.0,1.0,12.0,0.0,2.3504218547832802e-68,-1.1541371994835175e-16,-5.674882333750261e-18,-0.6318927294475195,0.5388453938986727,1.0,9.0,5.0,0.0,0.4943958030110733,0.5914944104953097,0.0,5.086955178888696,0.0,1.4901161193847656e-08,2.9273952702949716e-10,0.0,0.0,0.0,0.0,2.0,0.3810778348369219,1.0,0.0,0.5748876688430261,1.0513893028846122,-0.3874145363492959,0.4522081297794079,-0.6809602968721872,0.7070108137686678,0.0
200005,0.9691645076008947,12.0,-4.9081613947133755,0.23282551163405701,0.0,0.0,0.0,0.0,1.0,12.0,0.0,2.3466204002499857e-67,2.2257444608113296e-16,1.8414724408882784e-17,-0.21313240302842257,0.3169338900589749,1.0,8.0,4.0,0.0,0.34060613826608077,0.795887333920467,0.0,4.289732321997557,0.0,0.6788216220344955,0.6788216220344955,0.0,0.0,0.0,0.0,2.0,0.39720491356068194,2.0,0.0,0.5311478368418744,0.9351245627346021,-0.26526298768687384,0.3205811833773511,-0.7769138148112724,0.978488794895629,0.0
200006,0.9531358324370751,12.0,-5.560037228339947,0.1764363635000744,0.0,0.0,0.0,0.0,1.0,12.0,0.0,1.184631725846544e-67,1.4928495403952692e-16,1.7669622038933005e-19,-0.7336668493214042,1.491842452702755,1.0,7.0,3.0,0.0,0.29124976767846494,0.5746566284517015,0.0,3.5664836887799716,0.0,0.7380881282495456,0.0,0.0,0.0,0.0,0.0,1.0,0.4757391008423924,3.0,0.0,0.48271978620193534,0.9138946444277474,-0.29896770724357774,0.3068770059409699,-0.6409311538433675,0.6249435878110938,0.0
200007,0.9423463850801673,12.0,-5.816582391290276,0.1383293101522066,0.0,0.0,0.0,0.0,1.0,12.0,0.0,1.02005695588063e-71,5.240582312989903e-18,-6.127534013968095e-19,-0.385528749141683,0.15619289693888622,1.0,6.0,12.0,0.0,0.3880771906584314,0.7249174977688618,0.0,2.6203341072038913,0.0,0.7246102403323222,6.026712595919689e-14,0.0,0.0,0.0,0.0,1.0,0.4539225313784026,4.0,0.0,0.4115248658919619,0.9184401231323996,-0.3379317648320466,0.47165791716822836,-0.6427862314853342,0.7337892385509507,0.0
200008,0.9186755418175006,12.0,-4.240396818284622,0.24670394553471772,0.0,0.0,0.0,0.0,1.0,12.0,0.0,2.7976771108833483e-70,-1.3737542054087845e-18,-1.94234270728475e-19,-0.35026907123919887,0.5125986212964806,1.0,5.0,12.0,0.0,0.1376965116170858,0.9801009215477667,0.0,2.403445890689614,0.0,0.8202555094022697,7.493002993595186e-14,0.0,0.0,0.0,0.0,1.0,0.4724163479460616,4.0,0.0,0.42368884284050856,0.6621241163480451,-0.17914390645533362,0.19198478404122657,-0.6801539883371952,0.6335761876928145,0.0
200009,0.90550935760379,12.0,-4.924570080532937,0.34687774298284507,0.0,0.0,0.0,0.0,1.0,12.0,0.0,1.6879928706561705e-68,2.4612027968796715e-17,-5.272625380817665e-18,0.0258982037863127,0.36785949854356015,1.0,4.0,11.0,0.0,0.25201036648248215,0.4520067663673715,0.0,3.495732972606911,0.0,1.49012474297692e-08,2.9091487474248754e-10,0.0,0.0,0.0,0.0,1.0,0.47547710720984837,4.0,0.0,0.5308002674447826,0.8312529419959189,-0.3289956489181661,0.3515025073981283,-0.5193045536935644,0.4461348774188897,0.0
200010,0.9171958424194809,12.0,-4.1549317230463485,0.39209832398849226,0.0,0.0,0.0,0.0,1.0,12.0,0.0,3.055943076153358e-125,-1.4791141972893971e-31,-1.1093356479670479e-31,-0.2953852021357741,0.33320158565584507,1.0,3.0,10.0,0.0,0.2869939353873535,0.7386312897128849,0.0,3.4110018565735136,0.0,1.4901201816643318e-08,2.9523310941678873e-10,0.0,0.0,0.0,0.0,1.0,0.4753105186288191,3.0,0.0,0.5575240065091073,0.9795232453104582,-0.3388284234929657,0.43493166081078366,-0.593287891025994,0.6753373372310341,0.0
200011,0.9457105591986138,12.0,-4.228901201470578,0.3565987679223482,0.0,0.0,0.0,0.0,1.0,12.0,0.0,8.999609071451577e-69,-9.957078873725814e-17,7.983934590642292e-18,-0.39390929823440735,0.38962110963059743,1.0,2.0,9.0,0.0,0.2256918831971013,0.6751721873528,0.0,2.431111936817345,0.0,1.4901161193847656e-08,1.3148165589506415e-10,0.0,0.0,0.0,0.0,1.0,0.46430772257000097,4.0,0.0,0.5254331466787989,0.850997652319821,-0.38006185668283193,0.3450076843689849,-0.5786055937918053,0.7037999080039761,0.0
200012,0.8916016196335823,12.0,-6.051584318770801,0.23112624655567365,0.0,0.0,0.0,0.0,1.0,12.0,0.0,2.6034876029099166e-68,-1.4831474765015787e-16,1.2035631786914995e-18,-0.5274480107537541,0.40788666251608174,1.0,1.0,8.0,0.0,0.3234401463398762,0.8609042301923797,0.0,1.4637797650343953,0.0,0.5541876286050192,0.5541876286050191,0.0,0.0,0.0,0.0,1.0,0.4723881275307888,4.0,0.0,0.38349968979527616,0.6507766442489072,-0.21465084310104887,0.4900599080437702,-0.4888348942502377,0.872247855408281,0.0
200101,0.8148812058041834,12.0,-4.3941855697604355,0.1487367039421023,0.0,0.0,0.0,0.0,1.0,12.0,0.0,7.597771528388956e-67,7.098267210638398e-18,-1.2599993316925383e-17,-0.43430084150758347,0.3700380503778725,1.0,12.0,7.0,0.0,0.38313560737752744,0.5596891441961205,0.0,3.6047988512593925,0.0,0.866590457573023,2.6301792585757493e-14,0.0,0.0,0.0,0.0,1.0,0.44282761025275064,4.0,0.0,0.4796673556518116,0.8771316577205712,-0.07333615701068096,0.5117775006309813,-0.32894752337759864,0.8212723657157528,0.0
200102,0.8341984716377259,12.0,-6.173523622429356,0.18924783919187071,0.0,0.0,0.0,0.0,1.0,12.0,0.0,9.987742872584108e-72,-8.571588556647647e-18,-1.7784076576487412e-19,-0.6045469848320887,0.6982423530018023,1.0,11.0,6.0,0.0,0.3620115266775735,0.3991334628558238,0.0,1.8555684109961614,0.0,0.9999999850988388,0.0,0.0,0.0,0.0,0.0,1.0,0.38661115357654857,4.0,0.0,0.5168380772518318,0.912878190689555,0.04463047671352889,0.46380746080667706,-0.2761979878836982,0.5495136819824704,0.0
200103,0.8507101260123432,12.0,-5.1137864990462845,0.24530765213257535,0.0,0.0,0.0,0.0,1.0,12.0,0.0,6.760339224937514e-68,2.390390353496488e-16,3.9372146075832425e-18,-0.19743667167771517,0.2788869459887376,1.0,10.0,5.0,0.0,0.23003640774597078,0.34767839558328983,0.0,0.8591217579592386,0.0,1.4901179064782472e-08,2.895890390759672e-10,0.0,0.0,0.0,0.0,1.0,0.5573562513897768,5.0,0.0,0.5735897619821224,0.7483151986503367,0.03011175218793628,0.2921807208565981,-0.31158505244002266,0.43371645315897617,0.0
200104,0.8529056407902235,12.0,-4.896491595909333,0.3055847450918471,0.0,0.0,0.0,0.0,1.0,12.0,0.0,2.758177270804097e-69,1.0481164625979955e-17,3.1003512934109436e-18,-0.07237559843211964,0.5204905345011323,1.0,9.0,4.0,0.0,0.32722213705978453,0.31908952471304536,0.0,0.394082736772275,0.0,1.4901161193847656e-08,2.924826320417572e-10,0.0,0.0,0.0,0.0,1.0,0.5870226811733227,5.0,0.0,0.5215695568856192,0.6746230642461064,-0.07184401909134336,0.4316357421796247,-0.20619673581419587,0.47648935847282736,0.0
200105,0.8829666637237684,12.0,-5.683493326016971,0.23562485948278317,0.0,0.0,0.0,0.0,1.0,12.0,0.0,8.365832484685463e-68,4.2178693340000653e-17,-9.71082489953584e-18,0.07354101250168832,0.5149685923815471,1.0,8.0,3.0,0.0,0.148560917096217,0.33150477548278373,0.0,0.3480560805570177,0.0,1.490117187190394e-08,2.88904635466033e-10,0.0,0.0,0.0,0.0,1.0,0.5778610453892629,5.0,0.0,0.528639612749269,0.7163556496408418,-0.09352010182461624,0.29061722882579966,-0.45857830454368187,0.5687552108558731,0.0
200106,0.8618195028042166,12.0,-4.388164727462391,0.28832510401242156,0.0,0.0,0.0,0.0,1.0,12.0,0.0,5.684606312785829e-68,-2.6863900921491354e-16,-4.531927491237106e-18,-0.22809188873908048,0.3995789885126736,1.0,7.0,2.0,0.0,0.3464293333967509,0.3399415691033416,0.0,0.4207313978170733,0.0,0.5557188815844496,0.0,0.0,0.0,0.0,0.0,1.0,0.6846163164790556,5.0,0.0,0.4903636024691078,0.5556481743288726,-0.35844314831878776,0.4872876744565905,-0.5242398282868024,0.6265932941414757,0.0
200107,0.7839738819650857,12.0,-6.155229384419613,0.2595217421364325,0.0,0.0,0.0,0.0,1.0,12.0,0.0,4.6486310552105744e-67,-2.037537256558652e-16,-1.0612063177524904e-17,-0.44625418044087767,0.3544937762819269,1.0,6.0,1.0,0.0,0.13665339929635748,0.6147405047141961,0.0,0.8138843076179468,0.0,1.4901161193847656e-08,2.8491488228808614e-10,0.0,0.0,0.0,0.0,2.0,0.7387026706110943,5.0,0.0,0.334179779573479,0.38551220511197715,-0.27135547859913794,0.28198449260244307,-0.6735966721910985,0.6353727829961225,0.0
200108,0.7908762271678739,12.0,-7.590822524276682,0.12021705017305087,0.0,0.0,0.0,0.0,1.0,12.0,0.0,2.861059939723215e-68,2.3106178375992182e-16,-1.4713712238476678e-17,-0.3818054404105118,0.37122161143822463,1.0,5.0,1.0,0.0,0.2396043496322505,0.8728489791499838,0.0,2.7247500876273754,0.0,1.4901218881683396e-08,2.860842971038927e-10,0.0,0.0,0.0,0.0,1.0,0.690997477527646,6.0,0.0,0.20979467853689365,0.41800314471110533,-0.33050752141812334,0.2239199406650953,-0.6993729219450215,0.6696569727248602,0.0
200109,0.745138373874755,12.0,-10.098173155752908,0.0890178322302991,0.0,0.0,0.0,0.0,1.0,12.0,0.0,2.1963758633372797e-68,-1.4188380647199153e-16,8.164674562541785e-18,-0.28355746566646434,0.2110730447551967,1.0,4.0,6.0,0.0,0.25637480181446376,0.567054954356897,0.0,2.0001569243055415,0.0,1.4901161193847656e-08,2.909915784315106e-10,0.0,0.0,0.0,0.0,1.0,0.7730099736206403,7.0,0.0,-0.010314551238950193,0.28597478683543937,-0.3649133162931892,0.27190515438507873,-0.6399384322651261,0.5197015725570694,0.0
200110,0.7637535463370996,12.0,-12.091527233302559,0.12000802267853079,0.0,0.0,0.0,0.0,1.0,12.0,0.0,7.505150283779036e-68,-1.0798060263281136e-16,1.9757187665472438e-17,-0.45493404777086577,0.5794478941455491,1.0,3.0,5.0,0.0,0.39707725591769233,0.6723089610875981,0.0,2.05851133896394,0.0,1.4901161193847656e-08,2.910127493736497e-10,0.0,0.0,0.0,0.0,1.0,0.8923714966228704,5.0,0.0,-0.06544854381213448,0.1309470484381328,-0.46544988275069465,0.3330728526474766,-0.6728946868212312,0.7147895179636742,0.0
200111,0.8068508546502541,12.0,-10.37890344749261,0.1982748934250124,0.0,0.0,0.0,0.0,1.0,12.0,0.0,8.262236109907693e-68,-1.8828003056203275e-16,1.5943425361835428e-17,-0.507329412411064,0.5358845540039273,1.0,12.0,4.0,0.0,0.3416446111863765,0.6357761306920174,0.0,0.027053856163863816,0.0,0.48479246756225514,0.48479246756225497,0.0,0.0,0.0,0.0,1.0,0.6268213865622086,6.0,0.0,0.03862691654999626,0.3120357819611948,-0.37267863598648804,0.6266662409695816,-0.6498755402032448,1.025214981057129,0.0
200112,0.7954537433486014,12.0,-3.8549033056752817,0.30327233117381863,0.0,0.0,0.0,0.0,1.0,12.0,0.0,6.950356246771083e-68,1.1199128313274051e-16,4.956557660285013e-18,-0.35973119294155925,0.4587358431888777,1.0,12.0,3.0,0.0,0.3441414926432239,1.1657781360825894,0.0,2.516657646412621,0.0,0.5418950515577997,0.5418950515577996,0.0,0.0,0.0,0.0,2.0,0.6010122774627155,6.0,0.0,0.4088349162253497,0.44499559211189915,-0.3367617507960188,0.5855657561975574,-0.7861414265967156,1.4790588766075525,0.0
200201,0.8174777343899469,12.0,-2.521738420133721,0.3915354198151576,0.0,0.0,0.0,0.0,1.0,12.0,0.0,2.7769057461651537e-68,-8.456473093785861e-17,-2.091098498161604e-18,-0.6018910185079219,0.5331710594582356,1.0,11.0,2.0,0.0,0.3707977483283974,0.7098847820776768,0.0,1.789522480176639,0.0,0.4533867783907134,7.820754166996393e-16,0.0,0.0,0.0,0.0,3.0,0.5290013041638939,6.0,0.0,0.5895444328149752,0.814682160732348,-0.45088391996292365,0.6591002047109519,-0.6780497734476162,1.1159000780120782,0.0
200202,0.9151893551428574,12.0,-3.203837681198638,0.4261626355750339,0.0,0.0,0.0,0.0,1.0,12.0,0.0,2.519545771184375e-68,-2.3119539127331324e-16,3.1169440515685793e-18,-0.2967841603817797,0.23899057160797202,1.0,10.0,1.0,0.0,0.3687926132524561,0.5963101255717311,0.0,0.7970352261237198,0.0,1.4901161193847656e-08,2.9537085141565385e-10,0.0,0.0,0.0,0.0,3.0,0.4703162057204206,5.0,0.0,0.6420834400645341,1.0779529125573695,-0.3401935624387433,0.38935732792916483,-0.6279636527282592,0.8904898171433845,0.0
200203,0.9272003157811699,12.0,-4.9780887770800195,0.26146724777175967,0.0,0.0,0.0,0.0,1.0,12.0,0.0,1.7683369520268383e-122,-4.930380657631324e-31,-1.232595164407831e-30,-0.2908163265306123,0.344674094127447,1.0,9.0,2.0,0.0,0.3713849105009055,0.4416045853414072,0.0,3.272634461725479,0.0,0.9999999850987674,1.6829077067383825e-13,0.0,0.0,0.0,0.0,3.0,0.4435300001739913,6.0,0.0,0.5394160914214162,0.6717321009155316,0.01721190285513962,0.40284475516720053,-0.4684141833324538,0.7482701364220431,0.0
200204,0.9692536400109545,12.0,-5.8419384499590565,0.23315665700759483,0.0,0.0,0.0,0.0,1.0,12.0,0.0,6.279196980090522e-72,-5.8551264368966796e-18,1.3786284886773243e-18,-0.09117342970869151,0.04934145968228832,1.0,8.0,1.0,0.0,0.348448649531889,0.5276750055479914,0.0,3.983509803583509,0.0,0.8151373723331045,2.413540501881181e-14,0.0,0.0,0.0,0.0,3.0,0.49476849275184936,5.0,0.0,0.4943014914207112,0.6342971458947506,-0.1431294919999276,0.4107158796450191,-0.4236080137320314,0.6647901486028295,0.0
200205,0.9934644584456136,12.0,-5.832641922401851,0.1329509830763077,0.0,0.0,0.0,0.0,1.0,12.0,0.0,1.7507191346427342e-69,1.8179923434594128e-17,6.127267356106187e-18,-0.08842894008161788,0.12030626245558622,1.0,7.0,10.0,0.0,0.30182550025496124,0.6877966687916159,0.0,4.907041839745567,0.0,0.8147882959594553,0.0,0.0,0.0,0.0,0.0,3.0,0.5080863082234055,6.0,0.0,0.47849236054853495,0.9415232944426348,-0.21978986451681867,0.38353580695061107,-0.6250508508446854,0.8852343851112022,0.0
200206,0.9940253733945388,12.0,-6.301167370344274,0.11879664694798141,0.0,0.0,0.0,0.0,1.0,12.0,0.0,8.943331817071161e-68,-1.478721309733512e-16,1.7194216793944093e-17,-0.2910340113092113,0.44864442790291315,1.0,6.0,9.0,0.0,0.5358003822957154,0.7198711776509015,0.0,5.161680301611574,0.0,0.7721769534682946,0.0,0.0,0.0,0.0,0.0,3.0,0.5399463108399775,5.0,0.0,0.4581814272894454,0.9362038758018046,-0.28044130094466946,0.5606959728109311,-0.6783022798336658,1.1094870560993657,0.0
200207,0.9684575859056839,12.0,-7.13737660737175,0.1486538617063824,0.0,0.0,0.0,0.0,1.0,12.0,0.0,5.008842659661152e-69,1.4392940053257396e-16,-1.3354234989504414e-17,0.5282015856302569,0.7849375072129628,1.0,5.0,8.0,0.0,0.48046592072659317,0.9784736371792621,0.0,7.759984572103703,0.0,1.4901229510009293e-08,2.823684402636941e-10,0.0,0.0,0.0,0.0,3.0,0.5474731243453274,6.0,0.0,0.3837644762072424,0.6502057767321505,-0.30659823341325493,0.5193352091723129,-0.7027629196408819,1.0622227008641767,0.0
200208,0.9298062689788064,12.0,-6.749210798181801,0.23932985654599168,0.0,0.0,0.0,0.0,1.0,12.0,0.0,1.1896319360510548e-69,1.943133260981026e-17,2.1280808751559566e-18,-0.3994428652683158,0.3295944554556186,1.0,4.0,7.0,0.0,0.4178241893003609,0.7971817566646954,0.0,7.170854640954982,0.0,1.49013164469188e-08,2.8933307580004647e-10,0.0,0.0,0.0,0.0,3.0,0.6010916428635387,6.0,0.0,0.4273207452260118,0.4715110089622862,-0.3368905288692476,0.42425791886951797,-0.6860517729333635,0.9338561881243439,0.0
200209,0.957943795790144,12.0,-7.771243148092312,0.2777263078411424,0.0,0.0,0.0,0.0,1.0,12.0,0.0,1.6450225743949217e-69,-3.8159257035502896e-17,2.0806454867351895e-18,-0.45824850678869955,0.3408937320408237,1.0,3.0,6.0,0.0,0.35103091340594067,0.5884595443946088,0.0,7.04384244135299,0.0,1.4901161193847656e-08,2.925817442897991e-10,0.0,0.0,0.0,0.0,3.0,0.6021019497748497,6.0,0.0,0.41966764207567075,0.47870820212577414,-0.27341790738536653,0.3627816018232244,-0.684401827275764,0.9070135905830302,0.0
200210,0.9733004356985587,12.0,-5.071764820011309,0.260475222840151,0.0,0.0,0.0,0.0,1.0,12.0,0.0,1.2756469077556417e-68,-1.294335073880316e-16,9.72150594417393e-18,-0.3257710961457905,0.39242096089451023,1.0,2.0,5.0,0.0,0.33035739586412455,0.7638759869031095,0.0,5.316774057621962,0.0,0.5170603561349293,0.5170603561349293,0.0,0.0,0.0,0.0,3.0,0.5035103829280005,4.0,0.0,0.47146133721772243,0.6812177810922633,-0.35890152526117275,0.6640086911781345,-0.7830847493300882,1.4099007609010692,0.0
200211,0.9392814797178692,12.0,-5.695490748800067,0.14997227630964932,0.0,0.0,0.0,0.0,1.0,12.0,0.0,2.514100707085627e-68,4.853321640487855e-17,7.53339898301623e-18,-0.4577847798178464,0.28765433904110316,1.0,12.0,4.0,0.0,0.2751371522817143,0.9311064483237985,0.0,1.3484971224413995,0.0,0.5917567194932536,0.5917567194932536,0.0,0.0,0.0,0.0,1.0,0.4797882654242879,4.0,0.0,0.38876897845482616,0.6428979844075566,-0.19265848197167562,0.4062006226117115,-0.8074857256581022,1.295734393480887,0.0
200212,0.8811338404562914,12.0,-7.587426240030883,0.18046207045164525,0.0,0.0,0.0,0.0,1.0,12.0,0.0,4.1634468140444785e-68,2.5175209796707327e-16,-1.414597196098922e-17,-0.38085356264003967,0.4709263490374189,1.0,11.0,3.0,0.0,0.18112899611496497,0.5261247015891459,0.0,0.8019502753602126,0.0,0.6481639445706255,0.0,0.0,0.0,0.0,0.0,1.0,0.587735048479483,4.0,0.0,0.3742495856397192,0.5359646001381094,-0.2978112849736386,0.38968854834727695,-0.6416984611634317,0.8770582170424697,0.0
200301,0.8876631029299477,12.0,-8.110634247050513,0.29150039033999264,0.0,0.0,0.0,0.0,1.0,12.0,0.0,2.450888431230781e-67,1.6744065308614372e-16,-1.3142597477769324e-17,-0.23530450967918343,0.13025751076400097,1.0,10.0,2.0,0.0,0.26109961092920664,0.5093557151191467,0.0,0.8201313209362565,0.0,1.4901161193847656e-08,2.908260461689299e-10,0.0,0.0,0.0,0.0,2.0,0.629732121335075,4.0,0.0,0.3657251561132163,0.5336798575154587,-0.4016092205804122,0.4993273843866951,-0.6128782031923528,0.8244554044160823,0.0
200302,0.8673476840583861,12.0,-6.181465465673143,0.3421378556674195,0.0,0.0,0.0,0.0,1.0,12.0,0.0,1.1967682782882027e-66,-9.518511082858607e-17,-7.54591123268364e-18,-0.19876659874087402,0.21174413198459022,1.0,9.0,1.0,0.0,0.42736731919739845,0.5535224110099913,0.0,2.9219949211068763,0.0,1.490122477298857e-08,2.935064146048573e-10,0.0,0.0,0.0,0.0,2.0,0.5746225560676235,3.0,0.0,0.47035666868962683,0.6383172007207027,-0.3183398881165335,0.567504958438545,-0.6432615612466435,0.9356379589490832,0.0
200303,0.9734033008020702,12.0,-5.555852942499329,0.16836989360285884,0.0,0.0,0.0,0.0,1.0,12.0,0.0,2.3750450739749456e-67,1.899982601960621e-16,-1.4715583266768352e-17,-0.0396187292702359,0.29676232735871017,1.0,8.0,12.0,0.0,0.1663831940987597,0.49019227105417507,0.0,3.3059928731773867,0.0,0.8994867369611095,0.0,0.0,0.0,0.0,0.0,2.0,0.557837759782683,3.0,0.0,0.4738433862358987,0.7477106649218406,-0.10315849474664784,0.2947739119907237,-0.5673158981962666,0.7353409382303907,0.0
200304,0.9412087113928062,12.0,-3.959598791919467,0.1376263935438407,0.0,0.0,0.0,0.0,1.0,12.0,0.0,2.71366190351212e-70,5.32656502108494e-18,-1.4853217629493265e-20,-0.3868966227747952,0.6152061600365283,1.0,7.0,12.0,0.0,0.04474373040092873,0.5834051620019446,0.0,1.1232635864214813,0.0,0.88414491292232,0.4448531909790991,0.0,0.0,0.0,0.0,2.0,0.5177483660758484,4.0,0.0,0.488738629242593,0.8551534063549533,0.10927289442078361,0.20757950365091643,-0.4849712622706579,0.5656890669175851,0.0
200305,0.9058037840917273,12.0,-3.1794866816707024,0.19570086457900993,0.0,0.0,0.0,0.0,1.0,12.0,0.0,4.649905037082454e-68,1.6049240556392435e-16,-3.229248590486142e-18,-0.08793000147919071,0.4351871699190314,1.0,6.0,11.0,0.0,0.13434971219087205,0.1839311398920971,0.0,1.7712076297374486,0.0,0.9999999850988337,2.511308752815588e-14,0.0,0.0,0.0,0.0,2.0,0.4366375614131031,3.0,0.0,0.6530274041055103,1.0817168639972814,0.13695137363407467,0.21759903475958203,-0.31224329911087223,0.17616260344300208,0.0
200306,0.9311244699942777,12.0,-3.7055297726513317,0.23135469732993727,0.0,0.0,0.0,0.0,1.0,12.0,0.0,1.177141175934903e-70,-1.9275587893864317e-17,-1.233670723468664e-18,0.03311319110367899,0.2241937680047506,1.0,5.0,10.0,0.0,0.21921065487810476,0.27408447622096827,0.0,1.885403310108189,0.0,0.9999999850988381,0.0,0.0,0.0,0.0,0.0,2.0,0.23816229628133456,2.0,0.0,0.7274195147353899,1.33478278830422,0.24170075780279904,0.3374917192989797,-0.33962843897034267,0.28900617882502067,0.0
200307,0.9030019122490839,12.0,-2.0565727785788015,0.3465983977245172,0.0,0.0,0.0,0.0,1.0,12.0,0.0,8.09086388334364e-69,-4.0658768992682323e-16,-1.0223517104146299e-17,-0.22723452538040817,0.4404919336167654,1.0,4.0,9.0,0.0,0.18303319553336403,0.3988850747486269,0.0,3.5206586532646678,0.0,1.4901227416028013e-08,2.8881858419959935e-10,0.0,0.0,0.0,0.0,2.0,0.25568106593449247,2.0,0.0,0.7096669319654735,1.3362753343952058,0.1293220619451845,0.2804124086049937,-0.313842145308888,0.4172474176142557,0.0
200308,0.9788905923673309,12.0,-2.095381947642887,0.40141920784880936,0.0,0.0,0.0,0.0,1.0,12.0,0.0,4.960640510176961e-69,-2.8294526265730677e-18,-3.3884358508957877e-18,-0.13930204978876592,0.07363307458882472,1.0,3.0,8.0,0.0,0.18738609490292463,0.3819818979294548,0.0,4.787734213540079,0.0,1.4901162789370876e-08,2.9482674832621606e-10,0.0,0.0,0.0,0.0,2.0,0.2880820863366142,1.0,0.0,0.7647138817158917,1.5162575830826464,-0.009844397455949736,0.351397327459874,-0.41858201879740337,0.5317876951227593,0.0
200309,0.9779399509761023,12.0,-1.5156127772977532,0.4375729641142572,0.0,0.0,0.0,0.0,1.0,12.0,0.0,4.69767895086028e-68,-9.311562080724987e-17,-3.2655682699665636e-20,-0.14916336739701277,0.23361074797021586,1.0,2.0,7.0,0.0,0.23338648365188047,0.3521013316242607,0.0,7.832841004141113,0.0,0.5561205706936946,0.0,0.0,0.0,0.0,0.0,2.0,0.43677303373936527,1.0,0.0,0.7449863095233413,1.4045106876313551,-0.2712002736216108,0.3625317654879242,-0.4478397382742695,0.5569530452754194,0.0
200310,0.9576502332628183,12.0,-3.881018404225149,0.38130257149328717,0.0,0.0,0.0,0.0,1.0,12.0,0.0,3.4929452861966066e-68,-1.5152366729020054e-16,1.1490033229218432e-17,-0.44771298382748387,0.2948755518676308,1.0,1.0,6.0,0.0,0.07272099896243334,0.5926705548214733,0.0,5.248663321477131,0.0,0.5764484272813365,0.5764484272813365,0.0,0.0,0.0,0.0,2.0,0.4856772010733193,2.0,0.0,0.6095852900308388,0.977921769679318,-0.05687961032831139,0.3108823484128024,-0.4598550302386669,0.39740716030755985,0.0
200311,0.9430815849655685,12.0,-4.293290197410285,0.204301246821273,0.0,0.0,0.0,0.0,1.0,12.0,0.0,1.7210173437323034e-70,-7.150158382321397e-18,7.905941671622198e-19,-0.3098560310246527,0.2991013979537997,1.0,1.0,5.0,0.0,0.10356153485662888,0.41395597988967076,0.0,0.952159147015394,0.0,0.9744765648017283,0.3709575392517497,0.0,0.0,0.0,0.0,2.0,0.3596731939489393,2.0,0.0,0.5705035440863698,0.8493577944826287,0.2125534789113714,0.30076998524950244,-0.4646688152970653,0.31498353123677075,0.0
200312,0.9236861621452295,12.0,-5.7893271892313605,0.145575020786953,0.0,0.0,0.0,0.0,1.0,12.0,0.0,8.623469161969937e-69,8.325967169000636e-18,-3.3506777177749102e-18,-0.36650224810751003,0.6307959463027882,1.0,1.0,4.0,0.0,0.12132795971918249,0.3753452920165244,0.0,0.4523272304395918,0.0,0.9999999850988388,0.0,0.0,0.0,0.0,0.0,1.0,0.4632855091516848,2.0,0.0,0.5144089403464404,0.823067395710595,0.09942693893981286,0.2815839960085397,-0.348743458343451,0.42139230471321093,0.0
200401,0.928168253790054,12.0,-4.728194702995024,0.26619048508170534,0.0,0.0,0.0,0.0,1.0,12.0,0.0,2.2182645349357605e-68,2.6857388787440678e-17,1.3816842938679809e-17,-0.3626271061171669,0.4138273705891106,1.0,12.0,3.0,0.0,0.10524413538710702,0.9052567642497055,0.0,1.3797379821328388,0.0,0.8540259976238557,0.0,0.0,0.0,0.0,0.0,1.0,0.47309050050546975,2.0,0.0,0.4498505999480231,0.6475353131846183,-0.09823196803733153,0.2656748681132118,-0.5214584738019147,0.8286402386200434,0.0
200402,0.8953107093464212,12.0,-4.558211466925724,0.37533966481289033,0.0,0.0,0.0,0.0,1.0,12.0,0.0,1.1637568313026257e-67,-1.2072129249950117e-16,9.799649672715565e-18,-0.2614813953020891,0.2619489051742747,1.0,11.0,2.0,0.0,0.3115082373050807,0.48524264989598853,0.0,3.1224070522349643,0.0,1.4901161193847656e-08,2.92877281256965e-10,0.0,0.0,0.0,0.0,1.0,0.4787639396779814,2.0,0.0,0.5660788768937962,0.9300917997875555,-0.40948377261401653,0.6272844169157769,-0.5568946200331931,0.8248870986375559,0.0
200403,0.9590564852119768,12.0,-5.430071512385894,0.2976756954123881,0.0,0.0,0.0,0.0,1.0,12.0,0.0,1.6181135470485557e-68,-3.0902759665985076e-16,-5.699374095774474e-18,-0.004973625430798574,0.24567825567681179,1.0,10.0,1.0,0.0,0.19262250109195153,0.6201543480676192,0.0,0.8738356525680682,0.0,0.8292823323828545,4.2310482652826746e-14,0.0,0.0,0.0,0.0,1.0,0.5461368625146263,4.0,0.0,0.4808896846888596,0.6046299141895776,-0.1041190476806878,0.26041669999855427,-0.6442691969792925,0.915574508490702,0.0
200404,0.9923592364845827,12.0,-6.264906418162971,0.25457216944440886,0.0,0.0,0.0,0.0,1.0,12.0,0.0,4.725635811429045e-69,-3.7127613094699665e-19,-4.577091709401085e-18,-0.2655969174862265,0.44688658667435244,1.0,9.0,3.0,0.0,0.3856038750544773,0.4803839283386268,0.0,1.2833577300864258,0.0,1.4901161298652707e-08,5.704984916375488e-18,0.0,0.0,0.0,0.0,2.0,0.6267333249086624,3.0,0.0,0.3893936870279285,0.5045447451735199,-0.28412569520827285,0.41146055549659133,-0.43487085033257317,0.5824113197142181,0.0
200405,0.9509204470870914,12.0,-6.540720743795377,0.18173138997549068,0.0,0.0,0.0,0.0,1.0,12.0,0.0,1.527010395185409e-68,8.367361725678854e-17,-1.511249898202673e-17,-0.3745456223991866,0.3905243815534908,1.0,8.0,2.0,0.0,0.41951576186039413,0.7171548484293321,0.0,1.19103827358535,0.0,1.490133467873274e-08,2.849952202736947e-10,0.0,0.0,0.0,0.0,2.0,0.677947963316516,4.0,0.0,0.37828897825805363,0.593283471765878,-0.31158970242650114,0.5409486911001871,-0.5362168708645623,0.9829451125056158,0.0
200406,0.9253767981903346,12.0,-6.371817256309524,0.14570651097168713,0.0,0.0,0.0,0.0,1.0,12.0,0.0,1.7384919131254846e-69,-4.0208760244390556e-17,-1.2562528325508883e-18,-0.3987629111153314,0.3344592503138806,1.0,7.0,1.0,0.0,0.3648298687130196,1.0407485050773693,0.0,0.8033536940439426,0.0,0.6477360338040687,0.0,0.0,0.0,0.0,0.0,2.0,0.6262712481372219,4.0,0.0,0.33705518969429277,0.5975726909819452,-0.25683018300841864,0.5100448969175784,-0.5329453589821437,0.9233977411813682,0.0
200407,0.8704021375159098,12.0,-6.635167713866242,0.15791280218185144,0.0,0.0,0.0,0.0,1.0,12.0,0.0,8.257810392983861e-68,-2.9256805367048065e-16,2.8089842278689617e-18,-0.2983866870223142,0.20776563888760585,1.0,6.0,8.0,0.0,0.3764339708991045,0.7604893891263858,0.0,2.2189613948285327,0.0,1.490153424291336e-08,2.830891418567646e-10,0.0,0.0,0.0,0.0,2.0,0.6206819843812741,4.0,0.0,0.33513848321654227,0.42620997523372783,-0.2529360910152949,0.4851084754836955,-0.494087904091535,0.8530078353713507,0.0
200408,0.9030230701636889,12.0,-8.196534083603359,0.23874358823377623,0.0,0.0,0.0,0.0,1.0,12.0,0.0,2.5267784437845143e-69,8.333004666056745e-18,6.756348598853559e-18,-0.09638672347214554,0.15728550987968837,1.0,5.0,7.0,0.0,0.30464851666603476,0.7081130590299293,0.0,1.8479289574471285,0.0,1.4901161193847656e-08,2.8895140685395895e-10,0.0,0.0,0.0,0.0,2.0,0.6292972064106594,4.0,0.0,0.3101137562760003,0.3636820549851486,-0.22510999667350312,0.3877037534665975,-0.5323229123488429,0.6477945160426739,0.0
200409,0.9051575050952156,12.0,-6.668228632358863,0.3562100723466604,0.0,0.0,0.0,0.0,1.0,12.0,0.0,1.9538465651154698e-69,-7.269852750183237e-18,7.956181495294062e-18,-0.1301460063822139,0.2827207562674824,1.0,4.0,6.0,0.0,0.31466922704623024,0.6757427308269316,0.0,1.5170283111279623,0.0,1.4901161193847656e-08,2.9433271410173707e-10,0.0,0.0,0.0,0.0,2.0,0.6593401892229975,3.0,0.0,0.3674981712784612,0.46427625633734476,-0.36997215382166404,0.3419353001447902,-0.525182327407113,0.6650592726875532,0.0
200410,0.9335965817085443,12.0,-5.7999729772466955,0.3087402040211547,0.0,0.0,0.0,0.0,1.0,12.0,0.0,1.1187606995757756e-68,-1.5200613933317685e-16,7.401755941896678e-18,-0.160531578685877,0.13160264720092335,1.0,3.0,5.0,0.0,0.3811453653188431,1.1353712385295889,0.0,1.5138813235476427,0.0,1.4901161193847656e-08,1.0947412529378284e-10,0.0,0.0,0.0,0.0,2.0,0.627240879408967,4.0,0.0,0.3416420241226597,0.4377580872339749,-0.2972994533743006,0.438695358634121,-0.4504683757738678,0.6616588603725257,0.0
200411,0.8645604596373186,12.0,-5.885860828287033,0.17963289871726282,0.0,0.0,0.0,0.0,1.0,12.0,0.0,2.2666502161457186e-67,1.5063380134144061e-16,1.4582713551975007e-17,-0.176244101673899,0.24139964591022206,1.0,2.0,4.0,0.0,0.3280601271626902,0.4117826931185648,0.0,1.9944728380168437,0.0,0.48965851871540017,0.0,0.0,0.0,0.0,0.0,2.0,0.6256516894765417,4.0,0.0,0.3345033024420596,0.42647830905545064,-0.1914011121286386,0.36018386832932486,-0.28170076040826075,0.3826462135383607,0.0
200412,0.8670457969182429,12.0,-8.899657266475002,0.1583008265250277,0.0,0.0,0.0,0.0,1.0,12.0,0.0,1.0794312381967963e-67,1.6391231590018233e-16,2.1496838208000148e-17,0.03671130348494551,0.29011225894755294,1.0,1.0,3.0,0.0,0.09054723638238522,0.52027712427652,0.0,1.889398088343268,0.0,0.9817532045404206,1.9936207137905858e-13,0.0,0.0,0.0,0.0,2.0,0.6020075252748995,4.0,0.0,0.28242483847521677,0.3967200264950089,-0.006051356722135825,0.14820523355144213,-0.49959557577808167,0.2835685227669913,0.0
200501,0.812328619850761,12.0,-3.556990188287596,0.3553068335382454,0.0,0.0,0.0,0.0,1.0,12.0,0.0,7.344427160942793e-68,2.0724717709265758e-16,9.668137439632322e-18,0.16237425334897315,0.824323319041552,1.0,12.0,2.0,0.0,0.20278256531813976,0.3771509344299144,0.0,5.903231392315906,0.0,0.5151296242891807,6.934523484970097e-15,0.0,0.0,0.0,0.0,2.0,0.6034295651475822,4.0,0.0,0.38853280625992204,0.5708349304335258,-0.35439569210523114,0.2782469360776738,-0.40984107406229003,0.24844569023420618,0.0
200502,0.7967261689868056,12.0,-6.067373905500823,0.40042181070906363,0.0,0.0,0.0,0.0,1.0,12.0,0.0,1.595739157917158e-68,2.4588638841190107e-16,-1.2579470213986824e-17,-0.0608855910995036,0.2805421765822304,1.0,11.0,1.0,0.0,0.21561316836465153,0.07837992071421102,0.0,9.551499236287206,0.0,1.4901172594731512e-08,2.9362508385281513e-10,0.0,0.0,0.0,0.0,2.0,0.6081292785709196,3.0,0.0,0.4930466832177502,0.6989367864604397,-0.22457461289723185,0.3453382841645837,-0.13196020943409756,0.28319614563854223,0.0
200503,0.925449159596274,12.0,-5.196247203492677,0.20376675406120204,0.0,0.0,0.0,0.0,1.0,12.0,0.0,1.004671516814214e-70,-1.1710252873792767e-17,-2.757256977355191e-18,-0.09117342970867018,0.049341459682295793,1.0,10.0,12.0,0.0,0.19186780284396102,0.1888342128603575,0.0,4.443120075493483,0.0,0.9999999850988388,0.0,0.0,0.0,0.0,0.0,2.0,0.5405966914498648,3.0,0.0,0.542107830273101,0.7227708770590465,0.2344281565696969,0.3099186827946437,-0.38401773835466657,0.22774588463785192,0.0
200504,0.9170375726679431,12.0,-4.820470500633805,0.2083129560102958,0.0,0.0,0.0,0.0,1.0,12.0,0.0,1.3451779079105438e-68,1.5660005167482508e-17,-1.9802434767897993e-18,-0.1435754913329693,0.4332796450894011,1.0,9.0,11.0,0.0,0.24321739615670462,0.2732168849076911,0.0,4.888937956552636,0.0,0.9999999850987439,8.376369421622115e-14,0.0,0.0,0.0,0.0,2.0,0.5080141515113,3.0,0.0,0.5693298087946411,0.765034928220449,0.015269476527361004,0.23656558663011182,-0.16704210900127178,0.2623051064007315,0.0
200505,0.9323529934328089,12.0,-4.914101571150237,0.1648031009324955,0.0,0.0,0.0,0.0,1.0,12.0,0.0,3.8894499046924285e-70,-3.81915213866367e-18,3.556815315303578e-19,-0.23795684264173148,0.3654989348300419,1.0,8.0,10.0,0.0,0.197235909453601,0.6449289573052766,0.0,4.406818098372031,0.0,0.9432468362332341,2.4843093949469767e-14,0.0,0.0,0.0,0.0,2.0,0.4934868320414091,4.0,0.0,0.5314830700691089,0.8532705013851329,-0.027087115532972963,0.18503486816490586,-0.3501543036855683,0.5053925452557384,0.0
200506,0.9043884022164983,12.0,-5.210164616534353,0.13919655251572374,0.0,0.0,0.0,0.0,1.0,12.0,0.0,9.181397617759126e-69,9.255566523631754e-17,-1.1378455173218602e-17,0.1795108297225704,0.3737474168543958,1.0,7.0,9.0,0.0,0.2453552577595503,0.684451791691443,0.0,5.842099510936971,0.0,0.9821154456222954,1.2017687169935133e-13,0.0,0.0,0.0,0.0,1.0,0.5118202538140184,4.0,0.0,0.4910627568744957,0.8642463801254587,-0.006554101313211215,0.23744728816271599,-0.3606010158512217,0.519758916457179,0.0
200507,0.8958823294662297,12.0,-5.200875872888057,0.21348928123408623,0.0,0.0,0.0,0.0,1.0,12.0,0.0,4.868681537574518e-67,-1.4859860627362983e-16,5.683276339032135e-18,-0.33761786329550103,0.16465791930892368,1.0,6.0,8.0,0.0,0.23707204377573912,0.7005373289854004,0.0,5.853908517400804,0.0,0.9495129388863738,7.827979284862173e-14,0.0,0.0,0.0,0.0,2.0,0.5090606725477824,4.0,0.0,0.5062512746582711,0.6921857905103805,-0.016807185245264557,0.23795615028146622,-0.3644885458480866,0.5792155446390707,0.0
200508,0.9086502228507873,12.0,-4.623973155761792,0.3167621617192021,0.0,0.0,0.0,0.0,1.0,12.0,0.0,2.8317704437263563e-67,2.493197538777425e-17,4.936296185769726e-20,-0.36824986058494985,0.43279855783828997,1.0,5.0,7.0,0.0,0.2632377315664312,0.5902325594165446,0.0,6.31395559780909,0.0,1.4901161193847656e-08,2.8956196078212023e-10,0.0,0.0,0.0,0.0,2.0,0.5097767758686096,4.0,0.0,0.5620124229641928,0.7058859363734383,-0.06994340043547176,0.24105936654485355,-0.3470002143202254,0.49098604842268934,0.0
200509,0.9326227642206997,12.0,-4.455994421006783,0.33546898690134597,0.0,0.0,0.0,0.0,1.0,12.0,0.0,6.972181523663509e-68,5.567840565405763e-17,-1.3666500328538624e-17,-0.1729286471715089,0.3397758136535616,1.0,4.0,6.0,0.0,0.2069119652804317,0.5467751694973026,0.0,7.739705395195037,0.0,1.4901232473521153e-08,2.9301251697038086e-10,0.0,0.0,0.0,0.0,2.0,0.503458607410929,2.0,0.0,0.5731282045349265,0.7466248239335179,-0.06484987453311061,0.266421372471801,-0.3354047708968902,0.40229855644063983,0.0
200510,0.9254145811096213,12.0,-4.475101909357741,0.2500028421827925,0.0,0.0,0.0,0.0,1.0,12.0,0.0,1.3824531375843242e-67,1.88048066663918e-16,7.664194150120371e-18,-0.046576080667935636,0.24860514123485622,1.0,3.0,5.0,0.0,0.22732742254682686,0.6088132195601877,0.0,5.520958364701223,0.0,0.9373533504476409,3.1170949367315884e-14,0.0,0.0,0.0,0.0,2.0,0.4887886609335989,2.0,0.0,0.5329339450190032,0.6817969801144421,-0.009644031048885903,0.2633365021554678,-0.3347120013203472,0.4242314227674325,0.0
200511,0.9138354870459291,12.0,-4.4243125827197645,0.16427249842668915,0.0,0.0,0.0,0.0,1.0,12.0,0.0,2.0578483188812166e-70,-8.557010105930935e-18,1.4146386231001656e-18,-0.39960962464567856,0.446926747232118,1.0,2.0,4.0,0.0,0.16358326607437562,0.3740122994499215,0.0,5.939796658034542,0.0,0.9756498377513567,2.07821935595192e-14,0.0,0.0,0.0,0.0,2.0,0.48322432935531984,2.0,0.0,0.5073284618167735,0.7320157555874619,-0.006096149473419516,0.19733121318385574,-0.18197253385881543,0.31918609314560453,0.0
200512,0.9039434028096512,12.0,-8.234695236353701,0.16911667618075482,0.0,0.0,0.0,0.0,1.0,12.0,0.0,7.823214274952597e-123,-5.9164567891575885e-31,-4.437342591868191e-31,-0.2953852021357741,0.33320158565584507,1.0,1.0,3.0,0.0,0.20637618422347803,0.21736389879642803,0.0,4.2997402031964995,0.0,0.999999985098825,0.0,0.0,0.0,0.0,0.0,2.0,0.4359045068183174,2.0,0.0,0.43628149071807104,0.6327821026561493,0.2803885820053646,0.2874017989286492,-0.29374192050531717,0.1488736593310194,0.0
200601,0.9400297849165515,12.0,0.2173538058768337,0.37292208655114395,0.0,0.0,0.0,0.0,1.0,12.0,0.0,1.0956136331903763e-70,9.630353637798298e-18,2.0438147252990918e-18,-0.08817583479455429,0.25533021009236523,1.0,12.0,2.0,0.0,0.07053640742682528,0.3462252032142679,0.0,3.7725095521036454,0.0,0.8554576432789839,6.783752776648162e-16,0.0,0.0,0.0,0.0,2.0,0.4476695884015174,2.0,0.0,0.6208678901615148,1.0145803400989484,-0.124033177844645,0.20056326265689506,-0.379562178607568,0.20996624174245307,0.0
200602,0.9071330277779216,12.0,-2.972546081313792,0.415737058235485,0.0,0.0,0.0,0.0,1.0,12.0,0.0,2.8149451432617796e-68,7.659056479871377e-17,-1.4861817320402773e-17,-0.07357055657033637,0.2956856854180635,1.0,11.0,1.0,0.0,0.16251019041891065,0.0398014112368581,0.0,9.669992557832165,0.0,1.4901161193847656e-08,2.924138284138371e-10,0.0,0.0,0.0,0.0,2.0,0.417644254250971,1.0,0.0,0.7250569610206801,1.321703724914196,-0.07284330783449114,0.2668306236379863,-0.08052632120564862,0.20947301633454818,0.0
200603,0.9636894812452341,12.0,-4.013085023322972,0.2768984233791663,0.0,0.0,0.0,0.0,1.0,12.0,0.0,7.888708659782476e-68,-2.138318823539798e-16,-7.459965493356872e-18,0.15667011998881009,0.5397706018253642,1.0,10.0,4.0,0.0,0.3787169453895793,0.050229841413803766,0.0,1.96730591604258,0.0,0.9616162618183531,0.9616162618183531,0.0,0.0,0.0,0.0,3.0,0.32194983994396315,2.0,0.0,0.700647653391894,1.1078190243448953,0.4032416876098396,0.48385933353056965,-0.13478840054405583,0.0961151305788924,0.0
200604,0.9511907536968939,12.0,-3.7763145495079913,0.26461301136212,0.0,0.0,0.0,0.0,1.0,12.0,0.0,4.414833133361472e-68,4.3830032647123676e-17,-7.057669200418147e-18,0.10181121216355064,0.6332137798875013,1.0,9.0,3.0,0.0,0.24596929340257703,0.2650266083803776,0.0,1.227884370839903,0.0,0.9999999850988388,0.0,0.0,0.0,0.0,0.0,3.0,0.38023829302469186,3.0,0.0,0.6718674774711829,1.0333293671644133,0.12319895514123352,0.24649153550518096,-0.051605120159480496,0.24861612423145463,0.0
200605,0.9539293714120038,12.0,-4.370957561698929,0.17059844419638748,0.0,0.0,0.0,0.0,1.0,12.0,0.0,3.8894499046922856e-70,-3.819152138663284e-18,3.5568153153080827e-19,-0.23795684264171818,0.365498934830039,1.0,8.0,2.0,0.0,0.1512901909490956,0.5057039943744771,0.0,0.49223329713409897,0.0,0.9419545633673498,3.125677105508639e-14,0.0,0.0,0.0,0.0,3.0,0.36510877821483223,4.0,0.0,0.5552003302270093,1.0714096017528099,-0.04771132362542334,0.1859043525364472,-0.387421942318874,0.41992224946328216,0.0
200606,0.9128858512899494,12.0,-5.587639119139142,0.13484653068081615,0.0,0.0,0.0,0.0,1.0,12.0,0.0,2.972315825323346e-68,-4.114174235615772e-17,-1.1099103904081655e-17,0.07129939852423696,0.8275351121614308,1.0,7.0,1.0,0.0,0.19362584550516226,0.5049710350630525,0.0,0.687281666223206,0.0,0.8513090084857102,1.0154666696710816e-14,0.0,0.0,0.0,0.0,2.0,0.5214031963836518,4.0,0.0,0.5027767289101869,0.9954600055805075,-0.1660673536370595,0.1683200292609073,-0.5436359731032314,0.4588087973152124,0.0
200607,0.9209844402045548,12.0,-6.5822244882211525,0.1742004955894539,0.0,0.0,0.0,0.0,1.0,12.0,0.0,1.5022776031671692e-67,-2.0258345222346735e-16,1.1471452358341094e-18,-0.4387617562171297,0.40609926994213014,1.0,6.0,10.0,0.0,0.15686991957071086,0.757878442934542,0.0,2.7006314379294474,0.0,1.4901161193847656e-08,2.8196680354052764e-10,0.0,0.0,0.0,0.0,1.0,0.5429257180305141,4.0,0.0,0.4433876395145285,0.7553281755658432,-0.23337456514430674,0.15010883354468732,-0.6424179337430379,0.5464132907144156,0.0
200608,0.9145223447580585,12.0,-5.785676203228296,0.2861442261816225,0.0,0.0,0.0,0.0,1.0,12.0,0.0,4.911453390689433e-69,-1.0895439057985001e-16,1.5055580146874954e-17,0.4999816114285205,0.6157880684758212,1.0,5.0,9.0,0.0,0.2468306926561908,0.6521702246912083,0.0,2.7138700107073688,0.0,1.6613982739565463e-08,2.8292004367075295e-10,0.0,0.0,0.0,0.0,1.0,0.5554430342628657,4.0,0.0,0.4929458002597968,0.6770007621062215,-0.3160274851503769,0.20393101336928718,-0.6716815630345944,0.5666399925731845,0.0
200609,0.9327663029516577,12.0,-5.767147311108081,0.28316103524767505,0.0,0.0,0.0,0.0,1.0,12.0,0.0,1.8329881815138005e-68,8.721043304000439e-17,-1.0876954168407261e-17,-0.6537859608900118,1.0506959562996931,1.0,4.0,8.0,0.0,0.1825645696538883,0.5626360359429152,0.0,2.233086594150532,0.0,1.4901161193847656e-08,2.9115203268797315e-10,0.0,0.0,0.0,0.0,1.0,0.5426696583896538,2.0,0.0,0.47177029735074577,0.6708535894165699,-0.2895149309335814,0.30749467236347156,-0.630388218493201,0.5807792968352369,0.0
200610,0.9531404854733551,12.0,-5.31550360266067,0.19838622410704276,0.0,0.0,0.0,0.0,1.0,12.0,0.0,7.823214274952597e-123,-5.9164567891575885e-31,-4.437342591868191e-31,-0.2953852021357741,0.33320158565584507,1.0,3.0,7.0,0.0,0.08638313129656702,0.6567440668047362,0.0,2.3930396382290406,0.0,0.7308086367359868,1.495239306431849e-14,0.0,0.0,0.0,0.0,1.0,0.5079383468995743,2.0,0.0,0.45690479723310734,0.7075237780969638,-0.23416962177663356,0.17980696870836155,-0.6379341645699215,0.6300738121717048,0.0
200611,0.9546689447829849,12.0,-4.855686545305503,0.14691042878534014,0.0,0.0,0.0,0.0,1.0,12.0,0.0,3.055943076153358e-125,-1.4791141972893971e-31,-1.1093356479670479e-31,-0.2953852021357741,0.33320158565584507,1.0,2.0,6.0,0.0,0.13258778097860718,0.5085862900159162,0.0,2.9106184321026434,0.0,0.8212192936101174,2.6096662441298347e-14,0.0,0.0,0.0,0.0,1.0,0.4163259055298621,2.0,0.0,0.46331670714265316,0.8092494851791944,-0.2141242101168081,0.2551557125779258,-0.601469151138484,0.5301676560508498,0.0
200612,0.9432824655363884,12.0,-7.118310257875095,0.19032227941649402,0.0,0.0,0.0,0.0,1.0,12.0,0.0,2.7479047725594477e-70,1.0481164625979264e-17,-5.141437397329022e-19,-0.4619285620462937,0.6230465491888056,1.0,1.0,5.0,0.0,0.1327593898577884,0.665284609636305,0.0,2.0325129309253294,0.0,0.8883643049810228,1.3070111447661706e-13,0.0,0.0,0.0,0.0,1.0,0.3966985953345965,2.0,0.0,0.46761770971501637,0.7905406190138059,-0.13326793389585437,0.24765520616591233,-0.7385223833693573,0.9005775396218402,0.0
200701,0.9672313832360518,12.0,-4.196512687329017,0.34543435479028795,0.0,0.0,0.0,0.0,1.0,12.0,0.0,2.2244954474914454e-70,8.794423267884658e-18,8.163920674663727e-21,-0.2379552072403789,0.1391020450995499,1.0,10.0,4.0,0.0,0.43105844861594605,0.6240879564130181,0.0,2.5473500088799192,0.0,1.490121848248334e-08,2.900919147729462e-10,0.0,0.0,0.0,0.0,2.0,0.367470008530343,2.0,0.0,0.5956435788590844,1.114569931615662,-0.44188667990041375,0.5369366656317297,-0.7190408432759596,0.8495442983455536,0.0
200702,0.9850914516401028,12.0,-2.717879155344413,0.42781662453583547,0.0,0.0,0.0,0.0,1.0,12.0,0.0,2.7932948136501413e-68,-1.0681959020032946e-16,8.529299178697895e-18,-0.09096491989093261,0.4744302176582479,1.0,9.0,3.0,0.0,0.48633170760251254,0.6098639803097534,0.0,2.5947547691197506,0.0,1.4901161193847656e-08,2.955381115136335e-10,0.0,0.0,0.0,0.0,3.0,0.38814972702095957,1.0,0.0,0.656778776895651,1.3975496605713145,-0.4039060717355841,0.3765149665511378,-0.6249696394562002,0.5822487325994105,0.0
200703,1.018044878604276,12.0,-4.0531546549496555,0.30059600521813873,0.0,0.0,0.0,0.0,1.0,12.0,0.0,9.73796403719985e-69,1.2111391044405453e-16,-1.2575274952398148e-17,0.19079299148359238,0.33634019250315556,1.0,8.0,2.0,0.0,0.22168390323884402,0.27748655248890747,0.0,0.9236493377807468,0.0,0.8817638680986902,9.841993591990027e-14,0.0,0.0,0.0,0.0,3.0,0.27802328072713994,2.0,0.0,0.6415529064126059,1.1799784371826023,-0.08436055891945789,0.4269900779702034,-0.37491332499956675,0.5077638423806241,0.0
200704,1.0229202656915364,12.0,-4.339229133554002,0.314567331487582,0.0,0.0,0.0,0.0,1.0,12.0,0.0,1.6107975301564929e-68,1.6361242258750353e-16,-1.4431712412669555e-17,0.10165529802743435,0.1782639654149502,1.0,7.0,1.0,0.0,0.10975813495400062,0.275222036112257,0.0,0.13918709609938765,0.0,0.7710150941593306,0.0,0.0,0.0,0.0,0.0,3.0,0.41292983093770885,3.0,0.0,0.5528273013901821,0.9465667130211671,-0.20080248908647827,0.2769072703136194,-0.3952570041299667,0.4450786735314254,0.0
200705,0.978744140136426,12.0,-5.002162148663313,0.1718139589969979,0.0,0.0,0.0,0.0,1.0,12.0,0.0,5.336823313382007e-72,2.4982546827428826e-18,-3.2618447672385444e-19,-0.16962382946685392,0.11629844976831766,1.0,6.0,2.0,0.0,0.2687455726567301,0.49022179268144317,0.0,0.4081882924193996,0.0,0.7701639175283712,0.0,0.0,0.0,0.0,0.0,2.0,0.43728682759499393,4.0,0.0,0.49467518530893234,0.9533270025608755,-0.2924086219989944,0.2899011220340593,-0.6161888842041928,0.5441950114270058,0.0
200706,0.9057131866635165,12.0,-6.322821408791979,0.13820440129305467,0.0,0.0,0.0,0.0,1.0,12.0,0.0,2.126403819431199e-68,2.9095428156964116e-16,-1.8737295621999115e-17,0.19498297055457162,0.29890966777952177,1.0,5.0,1.0,0.0,0.599020392579308,0.7921572861926514,0.0,2.073279054020506,0.0,0.753105854163486,5.949456771214669e-14,0.0,0.0,0.0,0.0,2.0,0.561939589246782,4.0,0.0,0.4035963112763347,0.7569029004692702,-0.3964932347800052,0.5052624479120227,-0.7610829972593034,0.9339231661155106,0.0
200707,0.9246781954089937,12.0,-9.498966624648473,0.1754721646468466,0.0,0.0,0.0,0.0,1.0,12.0,0.0,1.8028241970612067e-68,-8.921080838340123e-17,1.3064507436939432e-17,-0.3118169372537738,0.2749395270867759,1.0,4.0,1.0,0.0,0.5743288815372816,1.2079884371165135,0.0,1.1097572193161458,0.0,1.4901161193847656e-08,2.8380701231887237e-10,0.0,0.0,0.0,0.0,2.0,0.5974819918597848,4.0,0.0,0.26483531153760576,0.5517845874915857,-0.4575025712244342,0.6305162845954675,-0.840202990974427,1.1358634720117509,0.0
200708,0.9500017058693306,12.0,-7.767629891155496,0.3482244049872418,0.0,0.0,0.0,0.0,1.0,12.0,0.0,9.758437181311418e-68,2.0179496334613316e-16,1.5275549129729573e-18,-0.3410836343274974,0.27351944289899177,1.0,3.0,9.0,0.0,0.6941390970395982,1.183222521255523,0.0,1.1262491150078167,0.0,1.4901161193847656e-08,2.929689754025352e-10,0.0,0.0,0.0,0.0,2.0,0.5510996511024436,4.0,0.0,0.3427488565838065,0.6764868024014477,-0.6382200798940678,0.7437215215748897,-0.862440273430898,1.2399837814619388,0.0
200709,0.9534174509576603,12.0,-7.419405877338838,0.3251220511635924,0.0,0.0,0.0,0.0,1.0,12.0,0.0,4.423943471046869e-68,-1.0915247080272268e-16,3.2532419028060025e-18,-0.3212207529296211,0.5104224840851362,1.0,2.0,8.0,0.0,0.5849794512768474,0.9219020076401916,0.0,1.5136694734905873,0.0,1.490124963328192e-08,2.9156040402048433e-10,0.0,0.0,0.0,0.0,2.0,0.484319602958693,2.0,0.0,0.31208424853602407,0.6640756479935456,-0.6172677356509098,0.7913766605632148,-0.8178963167034844,1.0783007069410007,0.0
200710,0.9570791440082108,12.0,-7.605612916640063,0.268125198279408,0.0,0.0,0.0,0.0,1.0,12.0,0.0,3.180124499446773e-68,1.6117361007959474e-16,-1.2382250890658702e-17,-0.5761220519285806,0.8599051388133471,1.0,1.0,7.0,0.0,0.5510217835320758,1.08025332015817,0.0,3.039109567113755,0.0,0.48089432465650916,0.48089432465650916,0.0,0.0,0.0,0.0,2.0,0.4694636707607273,2.0,0.0,0.24691099586730883,0.5636504593661184,-0.6556786275522611,0.7650504502897907,-0.8349104284782469,1.0937506313762981,0.0
200711,0.8980187255635022,12.0,-8.98805208413521,0.16126739920319116,0.0,0.0,0.0,0.0,1.0,12.0,0.0,3.2420942303065345e-68,-6.396049525864601e-17,-5.9214646189349964e-18,-0.37360288649490736,0.38263979594252784,1.0,12.0,6.0,0.0,0.5654149729535668,0.8876009869669855,0.0,0.08075686163865813,0.0,0.5425420487127286,0.5425420487127269,0.0,0.0,0.0,0.0,3.0,0.4983383748576574,2.0,0.0,0.12840015491189677,0.4993263018321487,-0.48675063760209764,0.8292728054890877,-0.8052822691282417,1.1941206117628584,0.0
200712,0.8538255237183007,12.0,-5.560237113754851,0.26352081883776973,0.0,0.0,0.0,0.0,1.0,12.0,0.0,2.2427817980875755e-69,3.1990854140429976e-17,4.821595362726817e-18,-0.011657938169232681,0.2327264826892419,1.0,11.0,5.0,0.0,0.5311632178473634,0.926696362049897,0.0,1.0715247270181372,0.0,0.5310435041515074,0.5310435041515071,0.0,0.0,0.0,0.0,2.0,0.5264648211507885,2.0,0.0,0.3891415242575063,0.541400895724928,-0.5451707648701195,0.931937886147431,-0.8059380943947261,1.4531047932327739,0.0
200801,0.8971937639761222,12.0,-4.233554481774809,0.35477522322661875,0.0,0.0,0.0,0.0,1.0,12.0,0.0,2.4154908531380357e-67,-2.7542068958163503e-17,8.543432267444555e-18,-0.14702045758466006,0.3360113360147262,1.0,10.0,4.0,0.0,0.5123891103877027,0.7705085530790451,0.0,1.6326009484226633,0.0,1.4901161193847656e-08,2.8915687551720734e-10,0.0,0.0,0.0,0.0,3.0,0.44265298226621863,2.0,0.0,0.5141391522970886,0.8881302683675921,-0.551573970932834,0.9137450936774844,-0.7461748106158093,1.284771353991557,0.0
200802,0.8900479191191736,12.0,-2.2834756913840057,0.4464698284886678,0.0,0.0,0.0,0.0,1.0,12.0,0.0,6.806348808695199e-68,3.2602422977919914e-17,-1.1470680156127793e-17,0.2730526785644731,0.3408465237486747,1.0,9.0,3.0,0.0,0.5867719636387154,0.7558335250512699,0.0,0.8417499208957357,0.0,1.490116141109097e-08,2.944638637679718e-10,0.0,0.0,0.0,0.0,4.0,0.46299886101197424,1.0,0.0,0.6104831974840423,1.2537123717614918,-0.5640615622383491,0.8554897003941662,-0.7012367421284421,1.1399758006302867,0.0
200803,0.9847508707486103,12.0,-2.7569089683055195,0.39783603732403783,0.0,0.0,0.0,0.0,1.0,12.0,0.0,2.6782462227715416e-69,-2.9582283945787943e-31,4.252156207628174e-18,0.10295817093722924,0.8228755690097546,1.0,8.0,2.0,0.0,0.581139128307004,0.6807375755709383,0.0,0.32519850699858616,0.0,1.4901174642874318e-08,2.9487204455054314e-10,0.0,0.0,0.0,0.0,4.0,0.26182382647096736,3.0,0.0,0.7182704459231192,1.5215569337736308,-0.34929085957462525,0.80657216516589,-0.6243680098937754,1.0401346341393891,0.0
200804,1.0154693334381362,12.0,-3.135753089076912,0.39687472127062645,0.0,0.0,0.0,0.0,1.0,12.0,0.0,4.466501916324645e-68,2.6244534330431423e-17,3.091997653830954e-18,0.29670270443310437,0.6433550903308689,1.0,7.0,1.0,0.0,0.412538983715717,1.0306396910085278,0.0,0.1784647047376379,0.0,0.7585652271116068,0.0,0.0,0.0,0.0,0.0,4.0,0.26334914949330057,1.0,0.0,0.6790241582164543,1.4324425686530033,-0.27065165173931205,0.4757578863923567,-0.6569648520331479,0.9745731365404993,0.0
200805,0.9929392686419928,12.0,-3.418501824451273,0.2821211636484572,0.0,0.0,0.0,0.0,1.0,12.0,0.0,4.413822891300801e-69,-2.5227150813096673e-17,7.276909044107714e-19,-0.036534724114281776,0.40214179366230346,1.0,6.0,2.0,0.0,0.4940088348600204,0.8425763720817872,0.0,0.5741008377907185,0.0,0.6993747921207965,0.6993747921207965,0.0,0.0,0.0,0.0,4.0,0.24023016585255547,2.0,0.0,0.6864969497972238,1.272033380268979,-0.1560438278386306,0.42847156752651866,-0.6816138913555145,0.843128364052716,0.0
200806,0.9478383307512219,12.0,-4.423187974218655,0.2167610600875166,0.0,0.0,0.0,0.0,1.0,12.0,0.0,3.055943076153358e-125,-1.4791141972893971e-31,-1.1093356479670479e-31,-0.2953852021357741,0.33320158565584507,1.0,5.0,1.0,0.0,0.48808171261304556,0.8266136048515272,0.0,2.555889827801648,0.0,0.8975033888189138,9.421350258900296e-16,0.0,0.0,0.0,0.0,4.0,0.35521887253729156,2.0,0.0,0.5950973375638243,1.0577515057012719,-0.17805737525128099,0.41314261774805694,-0.7359208399690776,1.015199423099857,0.0
200807,0.9469535991124942,12.0,-6.253993066254715,0.14012404053296387,0.0,0.0,0.0,0.0,1.0,12.0,0.0,1.1889689609977605e-69,-3.178414021126372e-17,1.5430383021177293e-19,-0.5580561761653421,0.41917036274265895,1.0,4.0,1.0,0.0,0.49394308705770207,0.8351305276013882,0.0,1.9599811152734314,0.0,0.8799779891387539,3.6490991354283336e-14,0.0,0.0,0.0,0.0,4.0,0.4184609382256009,2.0,0.0,0.47007950267284737,0.9528295864128206,-0.19823348893159917,0.45693055728088583,-0.725684211003043,0.9310363199392213,0.0
200808,0.9393779766639574,12.0,-5.971751176710475,0.17619527962123285,0.0,0.0,0.0,0.0,1.0,12.0,0.0,1.7595308089056032e-68,2.989127744676138e-16,-1.525026855123713e-17,0.19270973815783157,0.3999684111716819,1.0,3.0,2.0,0.0,0.18980540028868803,0.43805261457629685,0.0,11.783194073712671,0.0,1.4901448146840797e-08,2.827365425729861e-10,0.0,0.0,0.0,0.0,2.0,0.5219109722942489,2.0,0.0,0.4994947398046675,0.7702267311915484,-0.21515135295398374,0.2728758575777716,-0.5868763983079096,0.6305205761666423,0.0
200809,0.956282215823508,12.0,-9.31410280398184,0.22688172011386235,0.0,0.0,0.0,0.0,1.0,12.0,0.0,6.196722278439333e-68,-1.487936652307451e-16,8.341826028520739e-18,-0.519469270142607,0.44812076366921383,1.0,2.0,1.0,0.0,0.15523603075425918,0.18610385382520814,0.0,7.146329216188659,0.0,1.490133804195382e-08,2.9030807148219003e-10,0.0,0.0,0.0,0.0,2.0,0.5377164168363933,3.0,0.0,0.41030661854988165,0.6442826801121089,-0.07676500782611931,0.27288844229082915,-0.3817575112297014,0.3455735450765274,0.0
200810,0.9603047358518431,12.0,-4.462673224013772,0.18706386423848997,0.0,0.0,0.0,0.0,1.0,12.0,0.0,1.1335582164716538e-67,-1.2582021725700673e-16,9.539775475858457e-18,0.0463175690616605,0.2899084529262034,1.0,12.0,9.0,0.0,0.28753062863471623,0.5914540395911357,0.0,2.0066443508816203,0.0,0.7992795795059202,0.7992795795059198,0.0,0.0,0.0,0.0,2.0,0.3881022996474927,2.0,0.0,0.49327269031987486,0.8449695125387682,0.13985378052474115,0.42351664984954773,-0.6372252536579044,1.4897705014933207,0.0
200811,0.9114004460594514,12.0,-0.9834541564924801,0.16674388292892398,0.0,0.0,0.0,0.0,1.0,12.0,0.0,3.0270369729579858e-68,-3.3719501715743404e-17,6.851409094600237e-18,-0.48041234256171345,0.32361486979931925,1.0,12.0,8.0,0.0,0.45460906331673234,0.6371279659149329,0.0,2.0947559418564,0.0,0.8208370315134723,0.8208370315134721,0.0,0.0,0.0,0.0,3.0,0.48540790990334587,2.0,0.0,0.5392123557476499,0.7847288435481888,0.4126305380821954,0.6754862642682714,-0.7099300172113977,1.869473236828768,0.0
200812,0.8808510384355394,12.0,-3.391224919612116,0.22288497993118497,0.0,0.0,0.0,0.0,1.0,12.0,0.0,4.542175550123592e-67,2.0779268007846255e-16,6.159656380943821e-18,-0.41420684909745614,0.2781818373216651,1.0,11.0,7.0,0.0,0.05264116532483897,0.10324554866740056,0.0,2.0039254034363636,0.0,0.9999999850988381,2.7851052754430366e-15,0.0,0.0,0.0,0.0,2.0,0.3608553268510974,2.0,0.0,0.6983721734957838,1.0643500034962836,0.12908075396073018,0.17147772326192046,-0.20774810897391643,0.18818539803220777,0.0
200901,0.9289394879792581,12.0,-1.8977308938683233,0.3199612593901275,0.0,0.0,0.0,0.0,1.0,12.0,0.0,1.0046715168144032e-70,1.1710252873792718e-17,2.7572569773550553e-18,-0.09117342970868822,0.04934145968229398,1.0,10.0,6.0,0.0,0.02369069009765301,0.5290600036751214,0.0,3.193647408897059,0.0,0.9956323876131925,0.0,0.0,0.0,0.0,0.0,2.0,0.27947833373696246,2.0,0.0,0.6865107993142339,1.24401273636694,-0.004194734708632131,0.15657579450584036,-0.460736175252153,0.3550950885266542,0.0
200902,0.9047151538793978,12.0,-3.3910757726022918,0.3520336678431096,0.0,0.0,0.0,0.0,1.0,12.0,0.0,2.318281479604578e-67,4.1842377325437577e-17,-9.799325845036878e-18,-0.7094636792830895,1.0951406980950187,1.0,9.0,5.0,0.0,0.34997293289062675,0.40955638268305977,0.0,6.002961332151695,0.0,1.4901176021090295e-08,2.9287772149321316e-10,0.0,0.0,0.0,0.0,2.0,0.2825808440522003,1.0,0.0,0.7258219362150433,1.347009852314482,-0.1501783419181081,0.35617497369476675,-0.5604658989309779,0.6007324026915235,0.0
200903,0.9829887536487788,12.0,-4.2036269717054076,0.24101174209341453,0.0,0.0,0.0,0.0,1.0,12.0,0.0,2.273967590335439e-68,1.4341200958515524e-16,6.867736935949824e-18,-0.35058356462832724,0.2024050347269204,1.0,8.0,12.0,0.0,0.25921099933298813,0.3963141912621505,0.0,1.5320454235837548,0.0,0.7972553921718091,0.797255392171809,0.0,0.0,0.0,0.0,1.0,0.37443977206475504,2.0,0.0,0.6236850440617138,1.0064001507369615,0.13186350604926614,0.3272211844911106,-0.5456940115849962,0.5681876250349155,0.0
200904,1.0147283087080756,12.0,-4.555891875611398,0.20508354826164127,0.0,0.0,0.0,0.0,1.0,12.0,0.0,5.782196894517548e-68,-3.714387002963254e-17,-2.9421171184195298e-18,-0.3068089734394673,0.1874100741682505,1.0,7.0,11.0,0.0,0.2765425205170985,0.40779753570798327,0.0,1.3350930407429356,0.0,0.9477065250103083,9.049448398379141e-14,0.0,0.0,0.0,0.0,1.0,0.4206685275577137,3.0,0.0,0.6007579441183128,1.012131220926858,-0.038080658073539275,0.2775759956505516,-0.35618822609271444,0.46163060322030963,0.0
200905,0.9847658989292284,12.0,-4.758510999775786,0.13856061710132095,0.0,0.0,0.0,0.0,1.0,12.0,0.0,2.5454787194401317e-68,-7.387641706404128e-17,-2.941889085207198e-18,-0.20125893707617626,0.5103771905015277,1.0,6.0,10.0,0.0,0.33571763222443235,0.6779322724035756,0.0,1.5796156649233701,0.0,0.8877903869572918,6.23262572469614e-14,0.0,0.0,0.0,0.0,1.0,0.42848770240259565,4.0,0.0,0.5474317954386403,1.1667470484272608,-0.11768184340214947,0.3635142641900305,-0.5042818581604124,0.822373542665336,0.0
200906,0.9772629027732469,12.0,-4.783904416238964,0.1610589925669484,0.0,0.0,0.0,0.0,1.0,12.0,0.0,1.0165706996576503e-67,-1.41924978349515e-16,1.1049437711106982e-17,-0.4441587563167977,0.9808825151457407,1.0,5.0,12.0,0.0,0.31621995126415636,0.8228286784108708,0.0,1.4235193218775588,0.0,0.9302359207052759,7.138460119105663e-15,0.0,0.0,0.0,0.0,1.0,0.3732516611939808,4.0,0.0,0.5318187933368125,1.0059851777036055,-0.0703727389953513,0.34095725391403436,-0.5551312088177283,0.8550785650284045,0.0
200907,0.9349478130185389,12.0,-4.999186514698712,0.2405313420442337,0.0,0.0,0.0,0.0,1.0,12.0,0.0,1.3175993873278047e-67,-6.906328395644256e-17,2.267298553104081e-17,-0.17291790840318189,0.7436027846682943,1.0,4.0,11.0,0.0,0.4040631458421824,0.6631980898167987,0.0,1.2711409993865612,0.0,1.4901161193847656e-08,2.852892116929776e-10,0.0,0.0,0.0,0.0,1.0,0.38673627959692825,4.0,0.0,0.5689455353442915,0.8693204286826165,-0.11100430436337713,0.45066659268051495,-0.4900870947952349,0.8957711268497219,0.0
200908,0.9846462800454808,12.0,-5.2522697021796665,0.3023892445618972,0.0,0.0,0.0,0.0,1.0,12.0,0.0,1.5818823720279517e-69,3.1100542781942983e-18,6.529296991182296e-18,-0.20675864413858197,0.2878239816653356,1.0,3.0,10.0,0.0,0.35981482876238136,0.6289533311143043,0.0,1.0209189000604517,0.0,1.4901161193847656e-08,2.921700805749162e-10,0.0,0.0,0.0,0.0,1.0,0.39683442026530713,3.0,0.0,0.5711028833028021,0.8855405288444461,-0.10620590286058171,0.42340477326911363,-0.5043561734094465,0.7434721120272872,0.0
200909,0.9758738930587141,12.0,-3.6805949599879284,0.32841089466854945,0.0,0.0,0.0,0.0,1.0,12.0,0.0,1.0988929426800111e-68,-1.0797205412724299e-16,8.495999141380318e-18,-0.21140323880720266,0.22808860648832843,1.0,2.0,9.0,0.0,0.2224499394330964,0.6380205391203615,0.0,2.580663758092839,0.0,0.631895052867951,0.0,0.0,0.0,0.0,0.0,2.0,0.3601835992227036,2.0,0.0,0.6107170948236289,1.025536331639682,-0.2678967158196645,0.29554647412765883,-0.5255735447868417,0.7002737510451517,0.0
200910,0.9483503792751977,12.0,-4.886381074165025,0.21056448613585255,0.0,0.0,0.0,0.0,1.0,12.0,0.0,1.7269775201087126e-69,3.188916330041289e-17,-1.5975161756737978e-18,0.013785022736512258,0.31647696920156726,1.0,1.0,8.0,0.0,0.3831107876213297,0.9753503610058968,0.0,0.8052646000620428,0.0,0.5905016000141455,0.5905016000141455,0.0,0.0,0.0,0.0,2.0,0.3278517926638856,2.0,0.0,0.4762597516510903,0.8687286357799661,-0.12067541393785687,0.4885580594884501,-0.4714389487723983,0.8790974954698498,0.0
200911,0.9304284807045168,12.0,-2.72237682638924,0.1722593205012007,0.0,0.0,0.0,0.0,1.0,12.0,0.0,2.2424633312173397e-69,-7.20303384762518e-18,-4.562804848220611e-18,-0.15229549445218427,0.3475465430031678,1.0,12.0,7.0,0.0,0.31094846235345835,0.4727782966262838,0.0,1.8748581306631884,0.0,0.6157145989284724,0.6157145989284724,0.0,0.0,0.0,0.0,2.0,0.38418004797819266,2.0,0.0,0.489015395472263,0.8253611960925658,0.11157957970085888,0.4375664439241673,-0.33939186700534146,0.6271963701791763,0.0
200912,0.9157673967732461,12.0,-4.225855099307876,0.2508767770677126,0.0,0.0,0.0,0.0,1.0,12.0,0.0,9.852649602080005e-68,7.173426127501329e-17,-9.700982841236048e-18,-0.24310445957448312,0.3415467067296111,1.0,11.0,6.0,0.0,0.24401850145967902,0.35550202296898864,0.0,0.48980976912291857,0.0,0.9999999850988388,0.0,0.0,0.0,0.0,0.0,2.0,0.3219085364388521,2.0,0.0,0.6117129816141688,0.9669126066395848,0.09610098876494896,0.43186151973929865,-0.374121596430502,0.5258692330614065,0.0
201001,0.9369732769295522,12.0,-0.4269409528900464,0.3998414926677234,0.0,0.0,0.0,0.0,1.0,12.0,0.0,3.0471990382476078e-68,4.1374334402846263e-17,-1.3068208446282371e-17,-0.31549080310707056,0.5042610747884246,1.0,12.0,5.0,0.0,0.3573817190480335,0.558025620443354,0.0,4.140946095477706,0.0,0.7318113885373555,3.7105525612204624e-16,0.0,0.0,0.0,0.0,2.0,0.3803160204090045,2.0,0.0,0.6847360508942084,1.3087545011677828,-0.24804708045832125,0.4500572517301909,-0.45828241571718964,0.7385661516168874,0.0
201002,0.9259886521960492,12.0,-3.3749983977529765,0.404270548483792,0.0,0.0,0.0,0.0,1.0,12.0,0.0,2.5478822877032547e-70,-1.3124979187078536e-17,1.0630390519079465e-18,-0.16218006374695654,0.3697851538983366,1.0,11.0,4.0,0.0,0.16667526648589548,0.2551452830097942,0.0,10.946311323345919,0.0,1.4901161193847656e-08,2.949894538753032e-10,0.0,0.0,0.0,0.0,2.0,0.3445239729645282,1.0,0.0,0.7011963905996926,1.3925242540042835,-0.17813717812175556,0.2150896755499393,-0.39144160742300393,0.3156383836357927,0.0
201003,0.9355244645109041,12.0,-3.5022888947397233,0.3078946839678956,0.0,0.0,0.0,0.0,1.0,12.0,0.0,3.115330550471758e-68,-3.9836953075283426e-17,9.145603487064964e-18,-0.033842421020537465,0.2662762672639254,1.0,10.0,3.0,0.0,0.18540115461094994,0.4544394144450066,0.0,7.113726663060507,0.0,0.9999999850988089,4.695839485377849e-14,0.0,0.0,0.0,0.0,2.0,0.23044326771123524,2.0,0.0,0.7312438999583593,1.3318420156050506,0.049092809142821894,0.26279165878414157,-0.6016612491592785,0.487828236526567,0.0
201004,0.9429151421362337,12.0,-2.944731389115638,0.39200220354042925,0.0,0.0,0.0,0.0,1.0,12.0,0.0,2.0332033201054318e-68,-1.338721128172662e-17,1.2924964870649592e-17,-0.19125065574251268,0.21718611661439147,1.0,12.0,2.0,0.0,0.3572099075386771,0.19440873370256054,0.0,4.997796402782993,0.0,1.490118363771899e-08,2.9234588503620854e-10,0.0,0.0,0.0,0.0,2.0,0.6600744989744515,3.0,0.0,0.4956641182927244,0.6004138198866219,-0.12159987017285222,0.2989423566519168,-0.2238435854586005,0.2311776082642988,0.0
201005,0.9017260879013368,12.0,-5.051543055848368,0.3335036799701495,0.0,0.0,0.0,0.0,1.0,12.0,0.0,6.279196980091103e-72,-5.855126436896209e-18,1.3786284886774818e-18,-0.09117342970869126,0.04934145968229398,1.0,11.0,1.0,0.0,0.27956161829552534,0.6780148963325586,0.0,4.960442592982917,0.0,1.4901161193847656e-08,2.887423766776587e-10,0.0,0.0,0.0,0.0,2.0,0.6972061405076981,3.0,0.0,0.3963043519533288,0.39463577848770076,-0.3464270258801974,0.37335446334914213,-0.438248992399122,0.5212324229177913,0.0
201006,0.7901877931738202,12.0,-6.396710764326415,0.24011727881368158,0.0,0.0,0.0,0.0,1.0,12.0,0.0,2.3080753278554173e-68,-8.946054775591634e-17,8.177489860920482e-18,-0.2039420229807763,0.5553987903599809,1.0,10.0,1.0,0.0,0.3101200889502284,0.9940509572249606,0.0,2.9369341662252757,0.0,1.4901183324748595e-08,2.8728076812675307e-10,0.0,0.0,0.0,0.0,1.0,0.7598841745743158,5.0,0.0,0.2465640576850531,0.24765024451449574,-0.3517382950412352,0.38073639855032726,-0.5815962625032084,0.7322147928323319,0.0
201007,0.679108494483988,12.0,-8.030357969338834,0.13234830572438863,0.0,0.0,0.0,0.0,1.0,12.0,0.0,4.839202146796355e-68,1.5001494612148982e-16,-1.167101863483177e-17,-0.08493314293316243,0.46308048476501673,1.0,9.0,1.0,0.0,0.2957373580780294,0.9935204815435326,0.0,1.7327794135623475,0.0,1.4901161193847656e-08,2.87474624054158e-10,0.0,0.0,0.0,0.0,2.0,0.7433506584369081,6.0,0.0,0.09220401153723676,0.2138738405694066,-0.35108011635894715,0.3142208387996557,-0.5950146143826085,0.7135284814607418,0.0
201008,0.660699098890734,12.0,-10.568069484886198,0.1058639748157897,0.0,0.0,0.0,0.0,1.0,12.0,0.0,1.088200784578141e-68,1.6353075414149575e-16,-1.9224430475744292e-17,0.3521764032913503,0.64127374927562,1.0,8.0,7.0,0.0,0.29348927813488107,0.650179383510442,0.0,4.363701633023172,0.0,1.4901277104920986e-08,2.9179735128836146e-10,0.0,0.0,0.0,0.0,2.0,0.8696580551208861,5.0,0.0,-0.1106270351409729,0.24167779379577484,-0.36687864920760077,0.24638923681819644,-0.5973503911284512,0.5805715809749946,0.0
201009,0.6775870029852772,12.0,-11.81396165684297,0.1549902423131981,0.0,0.0,0.0,0.0,1.0,12.0,0.0,2.928176161371971e-69,1.7204162682743108e-17,5.016698056326419e-18,-0.4172871960011916,0.7288931850455369,1.0,7.0,6.0,0.0,0.5190604980127963,0.6752197545027588,0.0,6.471881217915972,0.0,1.4901585918665184e-08,2.9316974054334637e-10,0.0,0.0,0.0,0.0,2.0,0.7355048718675284,5.0,0.0,-0.15874173826137172,0.2907834521213741,-0.44787998619085956,0.3810427292379613,-0.6042572279223914,0.5351707704751688,0.0
201010,0.6964720919658897,12.0,-10.100444028986079,0.140127185016268,0.0,0.0,0.0,0.0,1.0,12.0,0.0,3.247974373434841e-68,5.79008399515314e-17,-2.8995833254695313e-18,-0.3082306420496196,0.4693966952420823,1.0,6.0,5.0,0.0,0.30723813562982893,1.330146833490435,0.0,10.995519398129366,0.0,1.4901161193847656e-08,2.8779516735490167e-10,0.0,0.0,0.0,0.0,2.0,0.8611375779232066,4.0,0.0,-0.042056429151978415,0.18618718471906176,-0.4214687297177236,0.22558440633329654,-0.6029796786602912,0.4262085541677078,0.0
201011,0.653593044264441,12.0,-9.168218162812265,0.23735780885105162,0.0,0.0,0.0,0.0,1.0,12.0,0.0,9.085209346479407e-68,1.8165363621287565e-16,-1.0375642189419401e-17,0.19639370184721255,0.7355802919958097,1.0,12.0,4.0,0.0,0.3117967260204428,0.810407209001581,0.0,6.25067657584508,0.0,1.49012345111377e-08,2.8816960352626705e-10,0.0,0.0,0.0,0.0,2.0,0.8100618844043762,4.0,0.0,0.10190526643213,0.16483190787702365,-0.37959957365982294,0.21721820063039254,-0.5455137819991218,0.3213140222715345,0.0
201012,0.6916253106427458,12.0,-7.871553679801158,0.3341925766854127,0.0,0.0,0.0,0.0,1.0,12.0,0.0,1.6983519246050091e-68,-2.148202214876524e-17,1.266198180856643e-17,0.049523891466487585,0.896904787188235,1.0,12.0,3.0,0.0,0.18622249668208687,0.506217144143202,0.0,2.2015729006771805,0.0,1.4901161193847656e-08,2.899920347322753e-10,0.0,0.0,0.0,0.0,1.0,0.7501477630517023,4.0,0.0,0.280326011345797,0.2646895629522297,-0.30013163595177106,0.14663875105879956,-0.5635846195117693,0.43454821688607875,0.0
201101,0.7430318083027467,12.0,-2.9991698529537674,0.4584191484592055,0.0,0.0,0.0,0.0,1.0,12.0,0.0,1.3952384724807915e-68,5.1389304441470465e-18,2.490687797638424e-17,0.12276372976843,0.5521647749916285,1.0,12.0,2.0,0.0,0.4110568664861515,0.9216561120310934,0.0,3.93884028113044,0.0,1.4901161193847656e-08,2.9464793948025387e-10,0.0,0.0,0.0,0.0,2.0,0.7511441824732432,3.0,0.0,0.4752130389387411,0.6011376076251553,-0.5683031159904444,0.5135164919368758,-0.701876864986924,0.7522971852634207,0.0
201102,0.7912865627183928,12.0,-7.800592775763656,0.4001994443578815,0.0,0.0,0.0,0.0,1.0,12.0,0.0,3.1059211596457474e-68,6.227597557589417e-17,-7.208731880157765e-18,-0.06318983863168455,0.9916730144624815,1.0,11.0,1.0,0.0,0.22911625546397052,0.2061105888011226,0.0,4.852407767691093,0.0,1.4901161193847656e-08,2.9499112705368585e-10,0.0,0.0,0.0,0.0,2.0,0.6891584885528872,3.0,0.0,0.39021630139065283,0.6323045013709694,-0.3428823944624265,0.39796701523645706,-0.3784963604298757,0.39802295586099595,0.0
201103,0.9273885763174557,12.0,-5.506590462257309,0.2570357964657654,0.0,0.0,0.0,0.0,1.0,12.0,0.0,2.2960420566266568e-68,-2.5307871577557215e-16,-5.3430334611475356e-18,-0.0241168683286591,0.3944546502150574,1.0,10.0,4.0,0.0,0.14066235756116371,0.2761731140032859,0.0,1.771043400495875,0.0,1.4901161193847656e-08,2.3433445720240967e-21,0.0,0.0,0.0,0.0,2.0,0.3999896340777047,3.0,0.0,0.6241361018519944,1.0161279666378558,0.02141184896052549,0.3943010438108289,-0.48638538844386225,0.7187295214971865,0.0
201104,0.9318889500157416,12.0,-3.229289027383108,0.3273960527228751,0.0,0.0,0.0,0.0,1.0,12.0,0.0,6.129758468861085e-69,-3.2947285198597857e-16,-2.4427363836615932e-18,-0.16997809317961904,0.6085856120069387,1.0,9.0,3.0,0.0,0.08842298232253473,0.2866212110832063,0.0,10.89539054129883,0.0,0.9981718469404064,2.770842764439933e-14,0.0,0.0,0.0,0.0,2.0,0.3928700489429226,3.0,0.0,0.6705620808022754,1.0799768216315766,-0.0012198406790745523,0.19295516016895406,-0.38885228279277456,0.4101097010120301,0.0
201105,0.9045660470307709,12.0,-4.117065157563382,0.21230509827963784,0.0,0.0,0.0,0.0,1.0,12.0,0.0,1.8552747139249754e-68,-1.5364958371218873e-16,1.379377765529381e-17,0.29252810813764085,0.5145378603480332,1.0,8.0,2.0,0.0,0.113218101907168,0.4352037426369696,0.0,2.41607052574837,0.0,0.8656653144799604,5.6466153728501046e-14,0.0,0.0,0.0,0.0,2.0,0.4003600217038409,4.0,0.0,0.5593098912648711,0.9575326033505215,-0.09614744226878583,0.2729435792937416,-0.36053307801730883,0.47131053023053826,0.0
201106,0.8723949739950594,12.0,-5.995470495973224,0.15150501028768976,0.0,0.0,0.0,0.0,1.0,12.0,0.0,8.533118207510787e-68,-2.6110572802673583e-16,1.2110531058120201e-17,0.12824486691383688,0.35502469058345404,1.0,7.0,1.0,0.0,0.15057886717556868,0.6769687706555306,0.0,1.5935943116572033,0.0,0.9083954433610554,0.0,0.0,0.0,0.0,0.0,2.0,0.49225125120501206,4.0,0.0,0.46089786128795496,0.8531288967851985,-0.08063968653487734,0.27615879804924093,-0.4957986051654412,0.6710866976502388,0.0
201107,0.8859452060432157,12.0,-5.76225442828081,0.17354137019575439,0.0,0.0,0.0,0.0,1.0,12.0,0.0,1.568024853401004e-122,9.860761315262648e-32,4.437342591868191e-31,-0.3308457711442785,0.35067820103462766,1.0,6.0,10.0,0.0,0.20389300295577661,0.6738590134040696,0.0,2.31686599738202,0.0,0.8260276042925369,0.0,0.0,0.0,0.0,0.0,2.0,0.514928077451844,4.0,0.0,0.4832913157144359,0.7170814503266156,-0.1359707040242952,0.2352916700673436,-0.513928037361252,0.6449363312471127,0.0
201108,0.9039520429113399,12.0,-5.634648113395805,0.28212617457765665,0.0,0.0,0.0,0.0,1.0,12.0,0.0,8.629639555658376e-69,-1.0581048644524113e-16,-1.0124261346811249e-17,-0.31883735799662305,0.22158258143791415,1.0,5.0,9.0,0.0,0.22760598416269637,0.6692902809411515,0.0,2.4645946204291063,0.0,1.4901173931304078e-08,2.8789901713642215e-10,0.0,0.0,0.0,0.0,3.0,0.5264912089001615,4.0,0.0,0.496581429163278,0.6616645693318043,-0.17075408142895535,0.2652184436655611,-0.5176672331768609,0.6010674568267321,0.0
201109,0.9077455445062879,12.0,-5.976691144175525,0.2698295649267412,0.0,0.0,0.0,0.0,1.0,12.0,0.0,1.0732339555208426e-67,3.1011825751973894e-17,-7.679042899256435e-18,-0.05259215163565801,0.6221672749093572,1.0,4.0,8.0,0.0,0.22634552867738847,0.5732609605335504,0.0,1.6472023765002382,0.0,1.4901161193847656e-08,2.908641140694322e-10,0.0,0.0,0.0,0.0,3.0,0.5494877776086482,4.0,0.0,0.4247973177740255,0.6014534438601365,-0.18156676820213186,0.36693650613335754,-0.4611373306759797,0.7583984217825217,0.0
201110,0.950817421288282,12.0,-4.790904278574649,0.16249496297316388,0.0,0.0,0.0,0.0,1.0,12.0,0.0,1.9377501992876638e-71,-7.073631566427858e-19,8.471089627244357e-19,-0.13930204978878677,0.07363307458882318,1.0,12.0,7.0,0.0,0.2724620647300048,0.7094939790840379,0.0,2.684235497335841,0.0,0.6098599734447823,0.6098599734447823,0.0,0.0,0.0,0.0,3.0,0.452389051134365,4.0,0.0,0.4311757056225357,0.6781206993471404,-0.04764406559853968,0.36842372257333217,-0.497216521232953,0.8916664017800788,0.0
201111,0.8957718256244577,12.0,-4.337694102934876,0.15611798239350913,0.0,0.0,0.0,0.0,1.0,12.0,0.0,9.480970302763654e-71,-3.119848853991852e-18,1.0701633780838158e-18,-0.1450383975240084,0.09085579637401778,1.0,12.0,6.0,0.0,0.2571654194134203,0.6244306401568522,0.0,0.34372706949431797,0.0,0.9303150193239731,1.321952546848027e-13,0.0,0.0,0.0,0.0,3.0,0.40560278483878526,4.0,0.0,0.5188231689819365,0.8154088198231633,-0.06119894839134484,0.3661433874567949,-0.4391692585634789,0.8316218176951888,0.0
201112,0.912322029158495,12.0,-4.51470233784466,0.24826370078751148,0.0,0.0,0.0,0.0,1.0,12.0,0.0,1.280074578622251e-68,-2.911739699784724e-16,5.707538016448497e-18,-0.29235350092319706,0.17846705933996668,1.0,12.0,5.0,0.0,0.27637251571396776,0.4375913301670473,0.0,0.358348360698006,0.0,0.9999999850988388,0.0,0.0,0.0,0.0,0.0,3.0,0.3534125557996375,4.0,0.0,0.5533479539842404,0.8853315431655189,0.02661872148808369,0.3838516188573027,-0.38476145468407497,0.5405450327743951,0.0
201201,0.9460042653256487,12.0,-0.5569271182630906,0.3981372627721356,0.0,0.0,0.0,0.0,1.0,12.0,0.0,4.185627667228147e-67,-1.7779796285716942e-16,1.0863625282452738e-17,0.05776521322399696,0.39449305744214086,1.0,12.0,4.0,0.0,0.23901172208376975,0.7112229526401357,0.0,0.863560855381603,0.0,0.8815912107021008,6.431548488789171e-15,0.0,0.0,0.0,0.0,3.0,0.3848554175984775,3.0,0.0,0.7229113530169335,1.299262816558781,-0.13923157247671844,0.20142647379571654,-0.581665084095513,0.5814203691885506,0.0
201202,0.9859072209622644,12.0,-2.6530886025950475,0.3884642874995749,0.0,0.0,0.0,0.0,1.0,12.0,0.0,2.691451034307556e-68,-3.1394911711882425e-16,-5.63771618401755e-19,-0.06413735973561774,0.2200074349066151,1.0,11.0,3.0,0.0,0.3869239797754579,0.3800656748239267,0.0,1.581285838767769,0.0,1.4901161193847656e-08,2.939682119778927e-10,0.0,0.0,0.0,0.0,3.0,0.263048492369224,1.0,0.0,0.7589988056051642,1.5386137932983648,-0.06236105785147529,0.42623901493125893,-0.3419815921622571,0.4920830852422271,0.0
201203,0.9818451845554389,12.0,-2.9091996228361263,0.3410606330120728,0.0,0.0,0.0,0.0,1.0,12.0,0.0,1.5335044502547128e-69,-4.81158719665103e-17,6.80282916080315e-18,0.1780310942568694,0.3948570514555461,1.0,10.0,2.0,0.0,0.4511210516791585,0.4725159242361363,0.0,1.680592064717726,0.0,0.9999999850988388,0.0,0.0,0.0,0.0,0.0,3.0,0.13118516984176717,1.0,0.0,0.7918446651222699,1.559165371839358,0.1775738131614467,0.5480336990972314,-0.22916725744649755,0.7421930278878983,0.0
201204,0.9746667921038119,12.0,-2.2533244732709514,0.40427545718302166,0.0,0.0,0.0,0.0,1.0,12.0,0.0,2.5526389003718464e-70,1.642593500012424e-17,4.0025430295414225e-20,-0.08792709162899419,0.4376261899766911,1.0,9.0,1.0,0.0,0.5018675747663763,0.4989920655648389,0.0,3.8302393632810916,0.0,0.9999999850988374,2.4662277406442052e-14,0.0,0.0,0.0,0.0,3.0,0.5055126115496414,3.0,0.0,0.6592521979017782,1.063707231866734,0.11689785312575969,0.4668667512247725,-0.006076752817774328,0.5968306860431432,0.0
201205,0.9509796416954815,12.0,-3.935752460477583,0.2861519476363738,0.0,0.0,0.0,0.0,1.0,12.0,0.0,9.93536745064365e-68,2.4462501181428557e-16,-1.904544516460348e-17,0.05859467299838629,0.186480880026854,1.0,8.0,1.0,0.0,0.17546174835595882,0.3773317725465666,0.0,4.509420977973792,0.0,0.7138142693659892,4.677779152496792e-15,0.0,0.0,0.0,0.0,3.0,0.4983915277533919,4.0,0.0,0.5400652520212583,0.7302815473982682,-0.17766336640960712,0.279659706172903,-0.29276566738372833,0.5048718200712418,0.0
201206,0.854603994539287,12.0,-4.782909721165304,0.22071288694439659,0.0,0.0,0.0,0.0,1.0,12.0,0.0,3.4274004956875375e-68,1.2994954737523026e-16,-1.1609871578530668e-17,-0.10708497603818048,0.31333703882776487,1.0,7.0,2.0,0.0,0.28912263118253123,0.5861130336912831,0.0,3.9687221223908202,0.0,0.6798997489402504,2.951250864943612e-14,0.0,0.0,0.0,0.0,2.0,0.6946983538192624,5.0,0.0,0.3957503050970117,0.42590412744635425,-0.31868500673003297,0.3163016431660173,-0.5379978266900804,0.5248805147322321,0.0
201207,0.8162843786843769,12.0,-9.306862405754408,0.14184080749683986,0.0,0.0,0.0,0.0,1.0,12.0,0.0,1.3534110290498903e-68,1.3544609421949883e-16,-9.297951462812532e-18,-0.15433781357690032,0.24067211880857722,1.0,6.0,1.0,0.0,0.2418773021426726,0.9179705817847023,0.0,0.6826862825007068,0.0,1.4901161193847656e-08,2.8243335306943286e-10,0.0,0.0,0.0,0.0,2.0,0.6740984260151259,6.0,0.0,0.13530489338473367,0.24928554073087633,-0.3403011839782091,0.23228868206845527,-0.685024035268766,0.5740498628295989,0.0
201208,0.7941330312432762,12.0,-9.924103504875914,0.32791206176966026,0.0,0.0,0.0,0.0,1.0,12.0,0.0,9.301141566154408e-68,2.9991625226637217e-16,-3.215973206400157e-18,0.13071384691923352,0.5196112396497795,1.0,5.0,12.0,0.0,0.39767148437628735,1.0200974927887028,0.0,0.9481671942580515,0.0,1.4901161193847656e-08,2.9081710807644275e-10,0.0,0.0,0.0,0.0,2.0,0.7193080638328649,6.0,0.0,0.14669806945763683,0.3760643363325013,-0.522077114401102,0.45863888823622373,-0.7189081943727671,0.6183697323322978,0.0
201209,0.7618963405274373,12.0,-9.319389918609083,0.3795167877578577,0.0,0.0,0.0,0.0,1.0,12.0,0.0,2.4543591551225002e-70,-1.4212466889119267e-17,4.605472019793562e-19,-0.32701470790366655,0.5229220513117142,1.0,4.0,11.0,0.0,0.47385552594678126,0.6792268219963543,0.0,1.7990434743539776,0.0,1.490128358030499e-08,2.953446193179634e-10,0.0,0.0,0.0,0.0,2.0,0.7335474267338256,4.0,0.0,0.14529290848777396,0.3704287337349285,-0.5217419936803253,0.5487624812995167,-0.6406148991288487,0.5902665905191895,0.0
201210,0.7722477204491948,12.0,-9.235548677404623,0.36735680780562013,0.0,0.0,0.0,0.0,1.0,12.0,0.0,1.1371269320935629e-68,9.458305292773744e-17,-1.0780576336995045e-17,-0.09730277502507166,0.41227302810510885,1.0,3.0,10.0,0.0,0.6691894872359829,0.9622941136556045,0.0,0.9912982142270063,0.0,1.4901161487773145e-08,1.4562241179674934e-08,0.0,0.0,0.0,0.0,2.0,0.7275647540935478,7.0,0.0,0.10098009316970305,0.32581380092821677,-0.5754574182268112,0.6787020612319108,-0.6625337479407613,0.8499725486728995,0.0
201211,0.7314107416263718,12.0,-11.78456285799177,0.14690978882807051,0.0,0.0,0.0,0.0,1.0,12.0,0.0,4.889508921845373e-124,-2.9582283945787943e-31,-2.2186712959340957e-31,-0.2953852021357741,0.33320158565584507,1.0,12.0,9.0,0.0,0.31003015032401776,0.701367678964252,0.0,0.4598576872163879,0.0,0.5018972950267818,0.5018972950267814,0.0,0.0,0.0,0.0,2.0,0.6389166958710799,8.0,0.0,-0.01798455267050612,0.23809124074749405,-0.3742373705626975,0.5931611208053013,-0.6415530565258716,1.0797172249294347,0.0
201212,0.751625309314417,12.0,3.3508987587814048,0.28275468616481114,0.0,0.0,0.0,0.0,1.0,12.0,0.0,1.1262340003942085e-68,-3.330860404594792e-16,8.271770932064858e-18,0.046803971860085995,0.24776788328903232,1.0,12.0,8.0,0.0,0.169722381215582,0.5930956313366517,0.0,10.882152510373565,0.0,0.742653915306892,0.7426539153068918,0.0,0.0,0.0,0.0,2.0,0.7599744586028838,8.0,0.0,0.3210914016291345,0.23999050085999646,0.08929502007077474,0.2860834855240455,-0.6283035820762496,0.8828050163513642,0.0
201301,0.7800831710457842,12.0,-1.3665355820647518,0.3509304825886186,0.0,0.0,0.0,0.0,1.0,12.0,0.0,9.901736003737396e-69,5.330443887327887e-17,3.600208171962245e-18,-0.3993865284688248,0.36283675039051344,1.0,11.0,7.0,0.0,0.10581137795896657,0.36124308906736113,0.0,5.963406899598367,0.0,0.8341953139607401,3.8215206087168397e-14,0.0,0.0,0.0,0.0,2.0,0.6041378756625307,7.0,0.0,0.6207340603502995,0.6197870300000533,-0.14807119179914277,0.22130347653015447,-0.4215050207838395,0.489597003488204,0.0
201302,0.8620535920700338,12.0,-1.0072414047675913,0.3875579000882901,0.0,0.0,0.0,0.0,1.0,12.0,0.0,5.667091162514489e-69,-1.610591699237905e-16,8.384610804284475e-18,-0.27516067427157165,0.37172682465886137,1.0,10.0,6.0,0.0,0.14419565613490656,0.5316832987446669,0.0,3.585028013581328,0.0,0.8376456943303673,0.0,0.0,0.0,0.0,0.0,2.0,0.4856066105072947,5.0,0.0,0.6827954107371389,1.048778925108749,-0.1317379301276585,0.27275988504734067,-0.4791422280244352,0.7494025796588301,0.0
201303,0.950527481700942,12.0,-3.852847330580196,0.3382284658046369,0.0,0.0,0.0,0.0,1.0,12.0,0.0,1.854336888273355e-68,-1.8726045672561526e-16,4.1556441767586546e-18,0.16444274617277693,0.7397789683568063,1.0,9.0,5.0,0.0,0.25393724272894763,0.4310853448922787,0.0,1.7841228090576742,0.0,1.4901225660435087e-08,2.927687431379131e-10,0.0,0.0,0.0,0.0,2.0,0.35564372840779596,2.0,0.0,0.7040133645293689,1.1268362311384863,-0.028242116372157396,0.31147220523776,-0.4113679452446555,0.6355026124003533,0.0
201304,0.9594843216832672,12.0,-3.695255177473476,0.34907267804197667,0.0,0.0,0.0,0.0,1.0,12.0,0.0,3.473448918227969e-68,-1.2769026264618545e-16,-1.9291254383478662e-18,-0.09398887663681398,0.34467053177517615,1.0,8.0,4.0,0.0,0.2726433375255672,0.6360644662625916,0.0,3.1576678863564744,0.0,0.8858155098919774,3.634611712261121e-14,0.0,0.0,0.0,0.0,2.0,0.3853425708212183,1.0,0.0,0.6688670162469353,1.1216549601800625,-0.11461949619258183,0.23560209601675922,-0.5291805367430561,0.4909617017932354,0.0
201305,0.9285445120324232,12.0,-3.7062395883531694,0.31370467667412244,0.0,0.0,0.0,0.0,1.0,12.0,0.0,1.5594632536125294e-68,2.8156202485092936e-17,-1.1029027909419334e-17,0.2285162346780101,0.7357344312375463,1.0,7.0,3.0,0.0,0.2626361865632578,0.5568573961129862,0.0,2.672708745927858,0.0,0.8974375198023594,0.0,0.0,0.0,0.0,0.0,2.0,0.45425330088863136,3.0,0.0,0.6583734189450703,0.9608682695677957,-0.10236297644328257,0.22768747952471796,-0.5819133470412865,0.5764999567557031,0.0
201306,0.9180351494121536,12.0,-4.408811801649179,0.23591670261501377,0.0,0.0,0.0,0.0,1.0,12.0,0.0,1.8730083910426062e-69,8.409012977782993e-17,-6.25036877979525e-18,0.39454624052112575,0.4859359940118378,1.0,6.0,2.0,0.0,0.12036634954086448,0.5829738718673986,0.0,1.1853753791830848,0.0,0.8854758207070598,3.224481410895223e-14,0.0,0.0,0.0,0.0,2.0,0.4878383661903958,4.0,0.0,0.5832275469821908,0.8543924454141497,-0.10498762615727086,0.20442875511672123,-0.5369951902190362,0.5526302743002267,0.0
201307,0.9017177818865411,12.0,-5.1738786603689775,0.14504715041892266,0.0,0.0,0.0,0.0,1.0,12.0,0.0,2.7031525881236533e-70,4.159798471988865e-18,3.1665350466393356e-18,0.04699134658782289,0.5874496025284874,1.0,5.0,12.0,0.0,0.03587126544215133,0.848804986198219,0.0,0.29877528014046756,0.0,0.9999999850987572,1.640179155853433e-13,0.0,0.0,0.0,0.0,2.0,0.48732903705603564,4.0,0.0,0.48059364993673925,0.711260207970742,0.016294415803800043,0.13664380966950931,-0.5251870388109307,0.4624844165337088,0.0
201308,0.8782383450799778,12.0,-5.257822879798169,0.1712285089704221,0.0,0.0,0.0,0.0,1.0,12.0,0.0,1.1803523964470512e-68,-2.792440286958486e-16,1.5947382961945017e-17,0.2663595858215924,0.31473871195866904,1.0,4.0,11.0,0.0,0.037794171030436446,0.35627586111204895,0.0,0.2836074890883137,0.0,0.9583710897400367,0.0,0.0,0.0,0.0,0.0,2.0,0.5274121320841241,4.0,0.0,0.5288407269643035,0.7339615845541514,-0.03195586036583214,0.14312591631345015,-0.41500423818202753,0.2936487043116923,0.0
201309,0.8857065664162376,12.0,-6.532984770660739,0.2637493723195989,0.0,0.0,0.0,0.0,1.0,12.0,0.0,3.157634472240996e-70,-9.06643831269283e-18,4.687111226542048e-19,-0.3186102264809141,0.429800303051991,1.0,3.0,10.0,0.0,0.03947266721852487,0.42376098835593773,0.0,0.20212814128824483,0.0,1.490122289210309e-08,2.8790970238346365e-10,0.0,0.0,0.0,0.0,2.0,0.5355750600883064,4.0,0.0,0.5167463375516662,0.6732196686302971,0.00534991569192756,0.14962187017746248,-0.5351307520708127,0.5174751991387408,0.0
201310,0.8796102116844249,12.0,-3.87627052181722,0.40266086937266893,0.0,0.0,0.0,0.0,1.0,12.0,0.0,2.64318804597133e-69,3.759522912845866e-17,-2.7374982666285276e-18,0.24532452595315285,0.6533429042444231,1.0,2.0,9.0,0.0,0.2219355623184369,0.3024720354143248,0.0,0.6142573011891032,0.0,1.4901161193847656e-08,2.956180427621134e-10,0.0,0.0,0.0,0.0,2.0,0.5083893582079781,3.0,0.0,0.6079742073370623,1.0173874880095364,-0.2557730868854062,0.3414148448975218,-0.48721737944433063,0.4164430868101551,0.0
201311,0.8968135542776183,12.0,-3.5865075979395304,0.38492383010374553,0.0,0.0,0.0,0.0,1.0,12.0,0.0,7.1552467760630344e-68,1.3657980136715327e-16,3.3630303434583937e-18,0.0671630951706583,0.4966607502748898,1.0,1.0,8.0,0.0,0.12602831557183652,0.857758714515719,0.0,0.010071862027856702,0.0,0.5038615745790266,0.5038615745790266,0.0,0.0,0.0,0.0,2.0,0.5082961956803306,4.0,0.0,0.5813843720728024,0.9375805549027011,-0.20254753802499942,0.2187837349273968,-0.5183059631645547,0.5291312146652237,0.0
201312,0.8488539933866847,12.0,-4.271595585446156,0.28868427528960017,0.0,0.0,0.0,0.0,1.0,12.0,0.0,4.956839263425977e-69,1.1561189905569324e-18,7.19526983735097e-19,-0.03490609527843382,0.3353381931888947,1.0,2.0,7.0,0.0,0.17504765640893244,0.6065133080472894,0.0,0.6504578677788473,0.0,0.7413851101941952,0.0,0.0,0.0,0.0,0.0,2.0,0.4747457997657556,4.0,0.0,0.5116935535022561,0.7164259327374387,-0.16820216670045135,0.2836769657861156,-0.43731979603579807,0.53364090181732,0.0
201401,0.8864111724466329,12.0,-8.387950098126542,0.21273370747864148,0.0,0.0,0.0,0.0,1.0,12.0,0.0,4.0883408935410855e-68,-8.825151350505522e-17,-4.793904262396379e-19,0.1080524493247162,0.6509659465863299,1.0,1.0,6.0,0.0,0.1688423086898476,0.296636190566483,0.0,1.4384832803268124,0.0,0.682156121933581,0.0,0.0,0.0,0.0,0.0,2.0,0.6614333036428995,4.0,0.0,0.280157958483759,0.45277445908574004,-0.07009601542333468,0.3062561316303239,-0.13801970439912828,0.4130683549608394,0.0
201402,0.8910539050106003,12.0,-5.283848876240087,0.17205048003340198,0.0,0.0,0.0,0.0,1.0,12.0,0.0,6.784145853170212e-68,-3.3713931401800644e-17,-3.830633563763698e-19,0.2753202368133072,0.6535566313034299,1.0,12.0,5.0,0.0,0.2081474774213156,0.47178448311382837,0.0,2.010044428837907,0.0,0.9498248792016879,0.0,0.0,0.0,0.0,0.0,2.0,0.6551508109162164,3.0,0.0,0.3612416810817052,0.4832600625834128,-0.002600713690949878,0.3191948784645174,-0.15290000418863828,0.613905955455157,0.0
201403,0.9033393846835286,12.0,-7.385897581779609,0.1501429388413245,0.0,0.0,0.0,0.0,1.0,12.0,0.0,2.2244954474915796e-70,-8.794423267884486e-18,8.163920675193743e-21,-0.23795520724038932,0.1391020450995483,1.0,11.0,4.0,0.0,0.2713241590992922,0.34399766779276447,0.0,1.9151174647507767,0.0,1.4901161193847656e-08,2.8539350131884236e-10,0.0,0.0,0.0,0.0,2.0,0.7190274984009873,3.0,0.0,0.2936942452703789,0.4401262685525755,-0.28976191171932375,0.38710900243233215,-0.38482464558664714,0.5624901734303033,0.0
201404,0.8860294597072952,12.0,-9.223327576252668,0.168131294769372,0.0,0.0,0.0,0.0,1.0,12.0,0.0,1.7210173437322905e-70,7.150158382321471e-18,7.905941671620287e-19,-0.3098560310246564,0.2991013979538091,1.0,10.0,3.0,0.0,0.2525282712112059,0.7094032920699769,0.0,1.3709265986580694,0.0,1.4901161193847656e-08,2.9049931826259036e-10,0.0,0.0,0.0,0.0,2.0,0.6704451351220919,3.0,0.0,0.23821715509979727,0.41286577666340224,-0.2601500289563523,0.3422439053277588,-0.6232114357166112,0.73915359003857,0.0
201405,0.8720137540755916,12.0,-7.689982113116434,0.3008401661611079,0.0,0.0,0.0,0.0,1.0,12.0,0.0,6.551460224251119e-68,2.270260653067671e-16,1.3408021246162356e-17,-0.02705879509596244,0.22736369933995437,1.0,9.0,2.0,0.0,0.4783125896380059,0.5574117133224735,0.0,1.8038480742676466,0.0,1.4901484720676312e-08,2.91341169715558e-10,0.0,0.0,0.0,0.0,2.0,0.6422456100759194,4.0,0.0,0.2639861033926583,0.44704797999373036,-0.42703953023165814,0.6617060771919953,-0.5433907956741154,0.6378400055963228,0.0
201406,0.8497066899983736,12.0,-5.758620674952195,0.38603982002561277,0.0,0.0,0.0,0.0,1.0,12.0,0.0,6.9044038633808665e-68,1.6639193887954622e-17,-1.635051780239102e-17,-0.16807248520694004,0.3591377694752919,1.0,8.0,1.0,0.0,0.2863667589487208,0.674853170782636,0.0,5.811474887926441,0.0,1.4901275350918498e-08,2.897917978245511e-10,0.0,0.0,0.0,0.0,2.0,0.8440211984575062,3.0,0.0,0.23709747571650738,0.17589983916424887,-0.36583199490872986,0.25875119494042353,-0.5900977142171983,0.5067260084426639,0.0
201407,0.7745545470940367,12.0,-9.229974696959285,0.21911204393208586,0.0,0.0,0.0,0.0,1.0,12.0,0.0,8.541109992234678e-67,4.3666050951258405e-17,1.6909523571779478e-17,-0.11146877338068026,0.28980375875286485,1.0,7.0,1.0,0.0,0.3571770481350341,0.48083680931807293,0.0,7.3418988744959295,0.0,1.4901219309419907e-08,2.895813028827439e-10,0.0,0.0,0.0,0.0,2.0,0.866975997803748,4.0,0.0,-0.024448639995057826,0.1602271490078305,-0.3781570746605256,0.3442365030132147,-0.4788541732217522,0.28987032242766336,0.0
201408,0.6006409599769876,12.0,-11.03292677055203,0.18653791834590827,0.0,0.0,0.0,0.0,1.0,12.0,0.0,6.654230694566054e-125,-1.232595164407831e-31,-1.1709654061874394e-31,-0.3531236628155756,0.5476308296205726,1.0,6.0,11.0,0.0,0.6583759322603779,0.7886735819362287,0.0,4.654498472383877,0.0,1.4901161193847656e-08,2.9243314184161136e-10,0.0,0.0,0.0,0.0,2.0,0.7381364254869226,7.0,0.0,-0.24434099562755784,0.45813378899768814,-0.5024449793920912,0.614443514390451,-0.5543080267826299,0.6035886524652981,0.0
201409,0.5000638002106276,12.0,-11.75304640326138,0.2782133136286262,0.0,0.0,0.0,0.0,1.0,12.0,0.0,4.889508921845373e-124,-2.9582283945787943e-31,-2.2186712959340957e-31,-0.2953852021357741,0.33320158565584507,1.0,12.0,10.0,0.0,0.43005710814458187,0.7825721110494569,0.0,2.6182259179073433,0.0,1.4901161193847656e-08,2.929412008379674e-10,0.0,0.0,0.0,0.0,2.0,0.6880116487216418,7.0,0.0,-0.20030228966137598,0.44637719485683164,-0.36281968338729287,0.5195569888509277,-0.5459769456559038,0.6554739296647473,0.0
201410,0.6091184575293133,12.0,-7.2370486493008634,0.2788171117840809,0.0,0.0,0.0,0.0,1.0,12.0,0.0,3.051845329694013e-67,2.2668609155779312e-17,1.637705054458415e-17,-0.41235270626712706,0.36474520549788536,1.0,12.0,9.0,0.0,0.3312765789519688,1.084010761767544,0.0,5.1138559350814115,0.0,0.4321552455710085,0.4321552455710085,0.0,0.0,0.0,0.0,2.0,0.6984803530243419,6.0,0.0,0.17901264651039142,0.28962279212176817,-0.29549053087989124,0.3985229652866618,-0.583947204906251,0.7266588934179808,0.0
201411,0.6789706425123925,12.0,-3.395118497193137,0.34529947275123973,0.0,0.0,0.0,0.0,1.0,12.0,0.0,3.0208699216814305e-68,4.20809050267322e-16,1.3367011923884038e-17,0.2285803943405683,0.3278410453108951,1.0,12.0,8.0,0.0,0.2901577814159088,1.083741061552082,0.0,2.359206217786402,0.0,0.5537678281798131,0.0,0.0,0.0,0.0,0.0,2.0,0.7185133273473407,5.0,0.0,0.4282357752601032,0.36479643893572,-0.30064901606897027,0.3553638011786635,-0.5449106816340039,0.716566335415879,0.0
201412,0.7510005474934853,12.0,-4.257130739103777,0.3715135269365895,0.0,0.0,0.0,0.0,1.0,12.0,0.0,3.875724068863259e-69,1.5295344145393526e-17,-3.579414012851777e-18,-0.43994047682299087,0.5572081430743487,1.0,11.0,7.0,0.0,0.28890046351164733,0.3476526845103365,0.0,0.5068043214460984,0.0,1.490119902960675e-08,2.9136700126244974e-10,0.0,0.0,0.0,0.0,2.0,0.6328462974543437,5.0,0.0,0.5421698394029704,0.6538062658342393,-0.23322610117999432,0.2892963317555571,-0.3387929759568018,0.3365800015070181,0.0
201501,0.9048565012913519,12.0,-3.2723485974152293,0.3774359477188469,0.0,0.0,0.0,0.0,1.0,12.0,0.0,3.434922670802486e-68,-3.433028357597195e-16,9.02795914118397e-18,0.20210193914225946,0.44685782994457984,1.0,10.0,6.0,0.0,0.1275923233604915,0.34990201349161965,0.0,0.8725729095188286,0.0,1.490120079401722e-08,2.9284986077384455e-10,0.0,0.0,0.0,0.0,2.0,0.4163597051523974,2.0,0.0,0.6382480604458017,1.0434752371131488,-0.05489829596860588,0.27612443264175757,-0.3111219624258819,0.2860458940865565,0.0
201502,0.928639045327734,12.0,-2.39285105427476,0.4394060880633903,0.0,0.0,0.0,0.0,1.0,12.0,0.0,4.724119215116995e-68,1.8021108236165187e-17,5.9652559819870084e-18,-0.36712543909196277,0.7593867747402596,1.0,9.0,5.0,0.0,0.17929412075353013,0.6129613938520903,0.0,1.081367684829985,0.0,1.4901164942873145e-08,2.9584890070536863e-10,0.0,0.0,0.0,0.0,2.0,0.4385226470764543,1.0,0.0,0.698908845667218,1.3055734978465752,-0.18090135924022824,0.1857943617640386,-0.4748508885862403,0.4767326224253246,0.0
201503,0.9990875071700303,12.0,-4.286757877575483,0.3452329624507067,0.0,0.0,0.0,0.0,1.0,12.0,0.0,4.72803041572454e-68,1.1558647390702e-16,-1.120572412980932e-17,-0.35865894739800275,0.8716480265687235,1.0,8.0,4.0,0.0,0.05058685842085074,0.4998263941185799,0.0,0.2898114868017202,0.0,0.9361888034242497,2.8396991813908406e-14,0.0,0.0,0.0,0.0,1.0,0.3632755720388981,2.0,0.0,0.6077260919973613,1.0295021967962787,-0.02946668284249927,0.21105337006708216,-0.46285020895616613,0.4537990945592447,0.0
201504,0.9959560399850305,12.0,-4.508999422545127,0.28353740674204075,0.0,0.0,0.0,0.0,1.0,12.0,0.0,4.592511856431116e-69,-5.8614204483517345e-18,-5.111758552073069e-18,-0.301081424006121,0.4563664980938782,1.0,7.0,3.0,0.0,0.14423501283111748,0.3666257565860797,0.0,0.07121249667269956,0.0,0.7104967727071243,3.176731037109277e-14,0.0,0.0,0.0,0.0,1.0,0.5264298801674178,3.0,0.0,0.5360513928286433,0.7808024532569668,-0.18975458987421184,0.31862692984452373,-0.4050496057924436,0.5359807926151963,0.0
201505,0.9074238123196785,12.0,-5.720483221584416,0.14981099197081327,0.0,0.0,0.0,0.0,1.0,12.0,0.0,2.681250627177122e-68,-2.3186766219468005e-17,-1.4510235165310802e-17,-0.3003371572060094,0.3808963346256695,1.0,6.0,2.0,0.0,0.11564999437491012,0.2572908679044246,0.0,0.4016776570407446,0.0,0.7244988857744534,0.0,0.0,0.0,0.0,0.0,1.0,0.5146253733597165,4.0,0.0,0.37204492063206385,0.6739285037395264,-0.20238172963010823,0.3169381452366247,-0.3775433522148456,0.4904781331369418,0.0
201506,0.9033575649755309,12.0,-6.106811317547797,0.16380658356546432,0.0,0.0,0.0,0.0,1.0,12.0,0.0,2.763164032173881e-68,-6.377832660082578e-17,-3.195032351347614e-18,0.013785022736515147,0.31647696920156737,1.0,5.0,1.0,0.0,0.2207903069623047,0.8660170895358905,0.0,0.8942577344201504,0.0,0.9130852086766255,0.0,0.0,0.0,0.0,0.0,2.0,0.4031701428439346,4.0,0.0,0.4532046295451578,0.7456155602988889,-0.11987786850534236,0.28238561168855,-0.7160349540432747,0.7381241322854704,0.0
201507,0.8919041262459093,12.0,-5.900935536242957,0.2762381479612347,0.0,0.0,0.0,0.0,1.0,12.0,0.0,4.2817317462869806e-69,2.8428603486524506e-18,5.141437397334815e-19,-0.1840349689797571,0.26315134677601437,1.0,4.0,10.0,0.0,0.14926360051006318,0.5209364428825186,0.0,1.7043326526306342,0.0,1.4901161193847656e-08,2.865091103976371e-10,0.0,0.0,0.0,0.0,2.0,0.42004784467564255,4.0,0.0,0.5095669892199843,0.7749667518062869,-0.2254326846187671,0.25173188596789436,-0.5829552057277833,0.5532259522798973,0.0
201508,0.8757925848791844,12.0,-2.984598058214688,0.42259411491666,0.0,0.0,0.0,0.0,1.0,12.0,0.0,1.0046715168142995e-70,1.1710252873792521e-17,2.7572569773554374e-18,-0.09117342970868114,0.04934145968229463,1.0,3.0,9.0,0.0,0.4542039934323205,0.7914638383586481,0.0,0.0643430331424417,0.0,1.4901161193847656e-08,2.9500527187698553e-10,0.0,0.0,0.0,0.0,2.0,0.44108703632610835,4.0,0.0,0.5492796107780846,1.1341736477639062,-0.43499543881752284,0.7124728914348012,-0.5894831474209808,0.7804704887323353,0.0
201509,0.9587850207040172,12.0,-1.0772620589723614,0.5043299964764305,0.0,0.0,0.0,0.0,1.0,12.0,0.0,6.258296953313093e-67,1.480394389897395e-16,-2.5964182834333025e-17,-0.2410365866030853,0.30008963722780757,1.0,2.0,12.0,0.0,0.6200681695556175,0.858555689821495,0.0,0.25358335351993233,0.0,1.4901161340865468e-08,2.972240689610795e-10,0.0,0.0,0.0,0.0,2.0,0.5780116459028048,3.0,0.0,0.5464906777420915,1.11963477889126,-0.49392795899901903,0.5316175527425593,-0.5996085811450438,0.785047447153561,0.0
201510,0.9741897804337597,12.0,-2.124499321049104,0.5040929489300399,0.0,0.0,0.0,0.0,1.0,12.0,0.0,2.9043950658559472e-68,-7.2669402413773e-18,2.7171099275728384e-17,-0.039440235910119394,0.20973155811469035,1.0,1.0,11.0,0.0,0.9035645269241,0.9724941179455073,0.0,0.18300302489106038,0.0,1.4901161193847656e-08,2.9721396220076723e-10,0.0,0.0,0.0,0.0,2.0,0.6577125383232792,1.0,0.0,0.5657890983487869,1.0501100029353927,-0.5082677263940997,0.6650618298477567,-0.5526884330612523,0.6080853248892933,0.0
201511,0.9574592471169708,12.0,-2.6737190557365755,0.46183832924400786,0.0,0.0,0.0,0.0,1.0,12.0,0.0,3.4999499622970056e-67,-1.0452907230884442e-16,-1.1736902044775129e-17,0.03164550750070851,0.33717540907086896,1.0,2.0,10.0,0.0,0.4433327551882187,0.6980366340276553,0.0,0.2607157930701382,0.0,1.4901161193847656e-08,2.962694824303529e-10,0.0,0.0,0.0,0.0,2.0,0.6233841744752184,3.0,0.0,0.5923217160382275,0.992345750187081,-0.39574429748784273,0.40317531487361163,-0.5315057905989029,0.4511821969320767,0.0
201512,0.9475443723140559,12.0,-3.7567256674387135,0.4443240181856206,0.0,0.0,0.0,0.0,1.0,12.0,0.0,1.798191164646565e-67,1.624945388583556e-16,6.505111503550192e-18,-0.37012670025167366,0.360191551995139,1.0,1.0,9.0,0.0,0.35468707758473994,1.3516067283343864,0.0,0.5312556216271317,0.0,1.490123727310075e-08,0.0,0.0,0.0,0.0,0.0,2.0,0.5974222255053608,3.0,0.0,0.4845880406275215,0.7469448837273218,-0.37367535927756357,0.28356617648053023,-0.5682050664913916,0.41297979520978534,0.0
201601,0.866429084051685,12.0,-5.1126679414235845,0.4188036972553617,0.0,0.0,0.0,0.0,1.0,12.0,0.0,2.5739226375509897e-69,-4.138062841430164e-17,-9.210944039584043e-19,-0.25871820556094255,0.6651202546259417,1.0,1.0,8.0,0.0,0.3890387838557273,0.8860504296186826,0.0,1.3324456006054717,0.0,1.4901181491948292e-08,2.9269627359914775e-10,0.0,0.0,0.0,0.0,2.0,0.7782304033484533,5.0,0.0,0.32069543160258757,0.4023891081117442,-0.39647284014919154,0.2682940736539651,-0.5011927280999616,0.4085312978805284,0.0
201602,0.7325665374977267,12.0,-4.976407207041652,0.44709515823069107,0.0,0.0,0.0,0.0,1.0,12.0,0.0,4.942119994735399e-68,3.780715813215974e-17,1.9652747736436713e-17,0.01784591927430541,0.6776265177678854,1.0,2.0,12.0,0.0,0.5656343118404441,0.4523623489047676,0.0,3.3405136222207275,0.0,1.490117472018912e-08,2.940821502628711e-10,0.0,0.0,0.0,0.0,2.0,0.6010825876026165,5.0,0.0,0.2807896838567341,0.4414849209433893,-0.2857585478387021,0.40301527869024206,-0.26471516845677384,0.43207354954945026,0.0
201603,0.6437736134096571,12.0,-8.575244061728005,0.49113229054931984,0.0,0.0,0.0,0.0,1.0,12.0,0.0,4.29837461108718e-68,2.0874211585029047e-16,-2.0791393026912305e-18,-0.43478796209396114,0.6104572234137458,1.0,1.0,12.0,0.0,0.33757240622295037,0.5521937977198854,0.0,2.364897366382858,0.0,1.4901169635883297e-08,2.950056305738894e-10,0.0,0.0,0.0,0.0,2.0,0.8444395547585077,5.0,0.0,0.1699522102899852,0.1347218833995124,0.016908235493541857,0.46883992128891117,0.10609305097467939,0.5454090285255898,0.0
201604,0.6806856626582148,12.0,-4.61493270706453,0.35399886412461007,0.0,0.0,0.0,0.0,1.0,12.0,0.0,2.0800510051665715e-67,1.426399701125203e-16,-1.0549449505328641e-17,0.09416301691185931,0.3025539512946395,1.0,3.0,11.0,0.0,0.5636269513659611,0.5385769930162198,0.0,0.41958916215871295,0.0,1.4901180886175696e-08,2.9383718718972365e-10,0.0,0.0,0.0,0.0,2.0,0.5695828631185073,3.0,0.0,0.5085615996316755,0.6662606302851165,0.049166089505678176,0.6464578182142765,-0.12030083048830197,0.36890303312640815,0.0
201605,0.7427584889442178,12.0,-3.262675786071581,0.40610345517030305,0.0,0.0,0.0,0.0,1.0,12.0,0.0,4.064515419334918e-69,2.3420505747584795e-17,-1.9302406173911357e-19,-0.28693260515720764,0.3580563658661103,1.0,2.0,10.0,0.0,0.5028548158097825,0.43995542664003207,0.0,0.5077650244443517,0.0,1.4901161193847656e-08,2.949904385883938e-10,0.0,0.0,0.0,0.0,2.0,0.6200301956707779,3.0,0.0,0.5415010539412339,0.5834057725690517,-0.013625232457736617,0.5504393790554845,0.05299998537468004,0.5816709387766889,0.0
201606,0.7986545478987399,12.0,-5.07464884076632,0.4501244438149661,0.0,0.0,0.0,0.0,1.0,12.0,0.0,5.336823313377702e-72,-2.4982546827435236e-18,3.2618447672371885e-19,-0.1696238294667289,0.1162984497683757,1.0,1.0,9.0,0.0,0.47104039529584013,0.30029473721974254,0.0,0.031282169461116185,0.0,1.4901161193847656e-08,2.9558894816036374e-10,0.0,0.0,0.0,0.0,2.0,0.7370753851382231,3.0,0.0,0.5279790459561686,0.5312320353610057,0.20683564442129385,0.6460437187535961,-0.1459828851407948,0.3057458028367486,0.0
201607,0.8635252955169977,12.0,-5.10585422276379,0.3901913889979232,0.0,0.0,0.0,0.0,1.0,12.0,0.0,7.77955811785824e-69,-1.2731684578681624e-16,1.3463713673657823e-17,0.12681972071107947,0.39562536014791727,1.0,1.0,8.0,0.0,0.38631188998762817,0.23257521261071493,0.0,1.2844632702513608,0.0,1.4901161193847656e-08,2.9422067057605404e-10,0.0,0.0,0.0,0.0,2.0,0.6084253330016336,1.0,0.0,0.5641474062535579,0.7582452394341673,0.05084687824759885,0.38114355080904555,-0.06438666786581058,0.2544351779835686,0.0
201608,0.9272444965360181,12.0,-3.2483514722637747,0.3346590500163057,0.0,0.0,0.0,0.0,1.0,12.0,0.0,2.8002097202240343e-67,-3.396099831303546e-16,3.293445826776961e-17,-0.04099119607368723,0.13801363328679173,1.0,4.0,7.0,0.0,0.27463559548537136,0.2579705664042307,0.0,0.7012965051353398,0.0,1.4901161193847656e-08,2.927967541397682e-10,0.0,0.0,0.0,0.0,2.0,0.36236629089677935,1.0,0.0,0.7269890958234804,1.0724036934623176,0.2449620356881736,0.3321569038377671,-0.2928914841543764,0.23564333090797412,0.0
201609,0.9518185216558215,12.0,-3.519697746193021,0.3220931258032621,0.0,0.0,0.0,0.0,1.0,12.0,0.0,1.7918949741794502e-68,1.6852177445007008e-16,-1.1756718813831017e-17,-0.3422573359811384,0.28102513135456997,1.0,3.0,6.0,0.0,0.18089471137267288,0.2546094378484979,0.0,1.2342441317602022,0.0,0.9999999850988313,6.766458641976303e-15,0.0,0.0,0.0,0.0,2.0,0.36345094959979424,2.0,0.0,0.7119317019833401,1.044905219875029,0.0808645329356921,0.2793203119130522,-0.2358992414061524,0.3643303734724078,0.0
201610,0.9557598994715759,12.0,-3.777369928203446,0.24539978388789754,0.0,0.0,0.0,0.0,1.0,12.0,0.0,9.928603786187626e-124,-1.4791141972893971e-31,-2.2186712959340957e-31,-0.29833561331509334,0.44668056540636564,1.0,2.0,5.0,0.0,0.11450636367800457,0.42164071504368816,0.0,1.93251931330991,0.0,0.6220597498618625,0.6220597498618625,0.0,0.0,0.0,0.0,2.0,0.3351893774278981,2.0,0.0,0.6365417465414819,0.9060491778322068,0.18549903880544913,0.26664502795657885,-0.4275021109755404,0.4037722814807746,0.0
201611,0.9040436784531548,12.0,-5.771265613060617,0.15455375807882007,0.0,0.0,0.0,0.0,1.0,12.0,0.0,2.5309051524098823e-68,2.030913297682063e-16,-5.354145575669652e-18,-0.7804513049581452,1.3328148834724163,1.0,1.0,4.0,0.0,0.1405244136756316,0.764804774348268,0.0,0.980353375205291,0.0,0.9999999850987992,1.042400674429668e-13,0.0,0.0,0.0,0.0,2.0,0.3813265098386163,2.0,0.0,0.5269331617459148,0.8124560492613248,0.24030031125909618,0.3224234198429657,-0.5066514059791198,0.7949772016261913,0.0
201612,0.9398326646093843,12.0,-6.529826804431705,0.22354354832433249,0.0,0.0,0.0,0.0,1.0,12.0,0.0,4.3966476360953814e-69,2.0962329251959022e-17,-1.028287479466507e-18,-0.46192856204630883,0.623046549188808,1.0,1.0,3.0,0.0,0.16753774005640373,0.3665670048958907,0.0,5.890070663057544,0.0,0.9999999850987573,2.298720272297022e-13,0.0,0.0,0.0,0.0,2.0,0.37933990090892905,2.0,0.0,0.5228333692014824,0.8067016508997196,0.09940071796787071,0.27025263511832265,-0.47244691010585654,0.4843133992673125,0.0
201701,0.967077882480913,12.0,-0.2878379215907813,0.41688750459521307,0.0,0.0,0.0,0.0,1.0,12.0,0.0,1.22728476923633e-69,3.684955381136596e-17,4.103957291947523e-18,-0.49674543225957496,0.48075404590866333,1.0,12.0,2.0,0.0,0.14713765122919398,0.5399629817731356,0.0,5.647325705273281,0.0,1.4901169163361557e-08,2.9214741101350497e-10,0.0,0.0,0.0,0.0,2.0,0.4289683070058116,2.0,0.0,0.6597065488435532,1.266495435510631,-0.32722130731610116,0.28937523825149564,-0.5530899096842825,0.508040942945014,0.0
201702,0.9847669959457079,12.0,-4.461141196586077,0.3824382973783999,0.0,0.0,0.0,0.0,1.0,12.0,0.0,8.841999912471012e-123,-3.944304526105059e-31,-5.9164567891575885e-31,-0.26247771836007133,0.36256100641520583,1.0,11.0,1.0,0.0,0.2559694050380088,0.298097978853927,0.0,12.511055348581856,0.0,1.4901161193847656e-08,2.944321429215085e-10,0.0,0.0,0.0,0.0,2.0,0.4444170599337169,1.0,0.0,0.5874418978550014,1.0525657805002622,-0.22069094230840242,0.3181722356411851,-0.35458964449824665,0.43112671987536544,0.0
201703,1.00494338308484,12.0,-4.416130860411084,0.2032046823970419,0.0,0.0,0.0,0.0,1.0,12.0,0.0,9.928603786187626e-124,-1.4791141972893971e-31,-2.2186712959340957e-31,-0.29833561331509334,0.44668056540636564,1.0,10.0,12.0,0.0,0.23781276455216915,0.4830994943808797,0.0,11.827056283214793,0.0,0.7730722514186612,0.7730722514186609,0.0,0.0,0.0,0.0,1.0,0.46620351910301067,2.0,0.0,0.5638592003634653,0.8320531059803196,0.1410595717577099,0.3058902497043087,-0.49954317785451335,0.5373935162726761,0.0
201704,0.9623456092072222,12.0,-6.099708458415406,0.27415730597276267,0.0,0.0,0.0,0.0,1.0,12.0,0.0,1.853055580252199e-68,-1.7057432838749824e-16,4.276495134345916e-18,-0.3790065409991117,0.33832497073852413,1.0,9.0,11.0,0.0,0.3479580243651601,0.18795828082340899,0.0,15.843122421727427,0.0,1.4901358008563553e-08,2.894290519254078e-10,0.0,0.0,0.0,0.0,1.0,0.7487323127397129,3.0,0.0,0.27696852048217435,0.2710642728348772,-0.10575409005210928,0.27323381766887206,-0.07395309743062413,0.24311288796160743,0.0
201705,0.8785321849844293,12.0,-9.946226803208328,0.150494181742472,0.0,0.0,0.0,0.0,1.0,12.0,0.0,0.0,0.0,-0.0,0.0,0.0,1.0,8.0,10.0,0.0,0.3178499630280378,0.47170515512134353,0.0,14.144750116795374,0.0,1.4901161193847656e-08,2.849408593193677e-10,0.0,0.0,0.0,0.0,1.0,0.7416037385379045,4.0,0.0,0.0520098131622539,0.27885008059669075,-0.4098649979307289,0.34759163868532,-0.40441184911976197,0.3855030739090786,0.0
201706,0.8131016606992593,12.0,-9.6173203409932,0.14631616737526495,0.0,0.0,0.0,0.0,1.0,12.0,0.0,1.9164955333769247e-68,-1.6944195317486458e-16,5.695292135436027e-18,-0.4731429596272776,0.33675251123876127,1.0,7.0,9.0,0.0,0.40120715418533875,0.8074342370180174,0.0,10.909674957346867,0.0,1.4901789637543914e-08,2.858239998698297e-10,0.0,0.0,0.0,0.0,1.0,0.7666317865470886,4.0,0.0,0.05883144842229271,0.25637191309751883,-0.4862341135125076,0.38613188108891827,-0.606591814392916,0.5279966532928093,0.0
201707,0.7985881511733096,12.0,-10.927112357655425,0.23591234434088482,0.0,0.0,0.0,0.0,1.0,12.0,0.0,2.2518539025288813e-67,2.8928877974504226e-16,8.903216463467284e-18,-0.2809172656631874,0.23367644981531613,1.0,6.0,8.0,0.0,0.33452795790072487,1.052137989228855,0.0,11.030263952832792,0.0,1.4901266075357432e-08,2.891567303223918e-10,0.0,0.0,0.0,0.0,1.0,0.7809495491586116,4.0,0.0,0.054637616790876614,0.15928836468267157,-0.4847464795493933,0.3260643490230351,-0.6726029261350753,0.5839862000794298,0.0
201708,0.7875489009956685,12.0,-9.287004580164629,0.40258728824485734,0.0,0.0,0.0,0.0,1.0,12.0,0.0,2.1111281723214203e-68,-2.947750257583644e-17,-2.5059684670639502e-17,0.36152118078444606,0.6448216157391401,1.0,5.0,7.0,0.0,0.550412030605614,1.0830784152690744,0.0,14.236330568719294,0.0,1.4901237288639293e-08,2.950311752910396e-10,0.0,0.0,0.0,0.0,2.0,0.7766912482853785,3.0,0.0,0.15332279573969027,0.31969297980609296,-0.5605461134308198,0.41948332577806774,-0.6828169944473581,0.57489045346587,0.0
201709,0.8289287400954779,12.0,-9.113146419409047,0.37870120988497696,0.0,0.0,0.0,0.0,1.0,12.0,0.0,4.829043243988748e-67,1.435874669590506e-16,1.5002941617862034e-17,-0.2171496742060259,0.4084718082839252,1.0,4.0,6.0,0.0,0.5242106869135852,0.8407985349211278,0.0,12.764147024521227,0.0,1.4901161193847656e-08,2.9472122679530005e-10,0.0,0.0,0.0,0.0,2.0,0.7763731099706537,4.0,0.0,0.1320836661049499,0.30350969364448177,-0.5334343949424899,0.5232118716659055,-0.6608907835074904,0.6376757633589927,0.0
201710,0.7383278277741511,12.0,-9.095321331307078,0.3198481163516927,0.0,0.0,0.0,0.0,1.0,12.0,0.0,7.956925361364692e-70,3.85277085626463e-17,-6.586899071620973e-18,0.20748301973023212,0.1899607715931942,1.0,3.0,5.0,0.0,0.5606374327653981,1.2430709891198424,0.0,11.724547764829007,0.0,1.490124891916825e-08,1.4895054635779803e-08,0.0,0.0,0.0,0.0,2.0,0.76941875362604,4.0,0.0,0.0630542680322033,0.23609956539419666,-0.5429355421460836,0.5262816126096971,-0.6630858230648777,0.7285223307645288,0.0
201711,0.6762020346847777,12.0,-10.415767726202779,0.15270991674820275,0.0,0.0,0.0,0.0,1.0,12.0,0.0,1.6841981824959925e-69,3.462073905298642e-17,-2.0077763958895853e-18,0.03884590332065209,0.2434380787480122,1.0,12.0,4.0,0.0,0.3253529404746767,0.8387040964888558,0.0,6.594785275165808,0.0,1.6395488424935574e-08,0.0,0.0,0.0,0.0,0.0,2.0,0.7057217884296886,4.0,0.0,-0.004091845983082308,0.20900968389027552,-0.4649867295459258,0.5182757138926484,-0.6470107860885187,0.7526745510832813,0.0
201712,0.6960536272006926,12.0,-11.59244832954151,0.18401051507819152,0.0,0.0,0.0,0.0,1.0,12.0,0.0,3.320896472968786e-67,1.527761082183777e-16,4.2673068898142508e-19,-0.2956316472951392,0.4064790359089709,1.0,11.0,3.0,0.0,0.3027054839175387,0.6553465000356837,0.0,0.37563725646779117,0.0,1.5049373371680517e-08,2.8390071450496355e-09,0.0,0.0,0.0,0.0,2.0,0.7083347329514027,4.0,0.0,0.03936032183637178,0.25614122493398506,-0.478323653617169,0.5212429712728808,-0.6831989640550138,0.9178851880806917,0.0
201801,0.6790731103182763,12.0,-9.787978336989891,0.3180321750357591,0.0,0.0,0.0,0.0,1.0,12.0,0.0,7.142283749429994e-68,2.1734281244232055e-16,6.6912864583073565e-18,-0.31680989004410753,0.42381572555390035,1.0,10.0,2.0,0.0,0.6059997894218758,0.9317439304087762,0.0,0.5317165647129122,0.0,1.4901161193847656e-08,2.915058021762701e-10,0.0,0.0,0.0,0.0,2.0,0.7145187013725129,3.0,0.0,0.1543008164208885,0.30605936453596916,-0.6607099861932916,0.9321562944139757,-0.7569293158697953,1.1505642401354277,0.0
201802,0.7051920744842407,12.0,-11.372386710045209,0.31283165342705477,0.0,0.0,0.0,0.0,1.0,12.0,0.0,6.208190052383709e-68,-1.9820529278545512e-16,-8.398257797109759e-18,-0.08683509000228531,0.5032803008446438,1.0,9.0,1.0,0.0,0.5262810032195017,0.4779561205113752,0.0,0.05379116477651403,0.0,1.4901180017586624e-08,2.932431827677523e-10,0.0,0.0,0.0,0.0,2.0,0.6555423820961748,5.0,0.0,0.1334595833577912,0.38349240631743386,-0.536991004472215,0.7043398766927478,-0.6013943094526669,0.8354751647706288,0.0
201803,0.8887394700599969,12.0,-9.784913992219979,0.13992160797499348,0.0,0.0,0.0,0.0,1.0,12.0,0.0,4.486986126035668e-68,-3.085205270230703e-16,4.3264100477780695e-18,-0.20744918127020098,0.2651814812483129,1.0,8.0,2.0,0.0,0.3840261077921203,0.47481157259674994,0.0,0.44699488334280274,0.0,1.4901289277174772e-08,2.8877145355195545e-10,0.0,0.0,0.0,0.0,2.0,0.633001524175546,5.0,0.0,0.26097204867951196,0.6543840986110293,-0.20347190528171044,0.5868432203223034,-0.5579278837813368,0.799399222700388,0.0
201804,0.9259046884970297,12.0,-5.882789053834218,0.22078911983140434,0.0,0.0,0.0,0.0,1.0,12.0,0.0,3.4670686338225865e-68,7.747026057502587e-17,-7.297978531295176e-19,-0.22582597226962703,0.774806989581928,1.0,7.0,1.0,0.0,0.4095092797665823,0.6665497518725119,0.0,0.029735547318761924,0.0,0.6990815822490382,8.210055627766541e-14,0.0,0.0,0.0,0.0,2.0,0.42406096327760007,5.0,0.0,0.46203200407882733,0.7830348024213388,-0.3049719690827395,0.5538863762611207,-0.5811188044388758,0.8145966541392635,0.0
201805,0.878450869395237,12.0,-6.1153879184979365,0.1352804962217166,0.0,0.0,0.0,0.0,1.0,12.0,0.0,2.18053846349385e-68,-8.922881900142436e-17,6.5310992368385844e-18,-0.1760438796037586,0.16777404472336596,1.0,6.0,10.0,0.0,0.4696349333175232,0.7945338615275641,0.0,0.30019753315569236,0.0,0.7154578757962035,2.9256532209884046e-16,0.0,0.0,0.0,0.0,2.0,0.48116305326496533,6.0,0.0,0.4340362237944915,0.9477650195997598,-0.3487046025216019,0.5955145895515881,-0.6873101669498433,1.019530964282944,0.0
201806,0.8546117409312601,12.0,-4.185758520787631,0.20272489109914799,0.0,0.0,0.0,0.0,1.0,12.0,0.0,1.4686867745385383e-67,4.6133079686322505e-17,-9.028756331109083e-18,-0.061199977692923214,0.2802479452298724,1.0,5.0,12.0,0.0,0.0794353075777093,0.5836608194020232,0.0,0.4404506925623954,0.0,0.8422667981722808,0.0,0.0,0.0,0.0,0.0,2.0,0.546031963838869,6.0,0.0,0.34809631474807984,0.5859810809606277,-0.12459436128389688,0.18951856345003318,-0.5982143030433396,0.6326405567196803,0.0
201807,0.8343409725450477,12.0,-9.148598535548404,0.21169581121703632,0.0,0.0,0.0,0.0,1.0,12.0,0.0,1.9843555353806726e-67,-3.838831404016407e-18,-1.0692384100669426e-18,-0.2720385741771782,0.37298220921980124,1.0,4.0,11.0,0.0,0.21597561558598677,0.2810492871046458,0.0,2.031548966262237,0.0,1.4901207030071505e-08,2.885754916794617e-10,0.0,0.0,0.0,0.0,2.0,0.6973224607664261,5.0,0.0,0.1823022086492941,0.3398274620406862,-0.3411857152395283,0.38188341598992237,-0.37664464249470886,0.45116159512104015,0.0
201808,0.7943943998363,12.0,-8.772897628506568,0.28762360482566657,0.0,0.0,0.0,0.0,1.0,12.0,0.0,5.478891512121563e-68,3.7180422817256775e-17,-2.3850966459755064e-18,-0.2846657196319846,0.38869605614458524,1.0,3.0,10.0,0.0,0.39254159519795073,0.8706142819713464,0.0,2.818933377465841,0.0,1.4901161193847656e-08,2.9353668450177906e-10,0.0,0.0,0.0,0.0,2.0,0.6930917244634368,5.0,0.0,0.20201931582028215,0.34867826258695156,-0.4495057566921632,0.5554707455202346,-0.5814650953490409,0.7909492603061793,0.0
201809,0.8501651159645974,12.0,-9.234495130097649,0.20198337285236756,0.0,0.0,0.0,0.0,1.0,12.0,0.0,9.45420532984924e-70,9.640525722739323e-18,-1.739650542526669e-18,-0.33002643682348975,0.48990727961742025,1.0,2.0,9.0,0.0,0.30556939557365614,0.698156467469608,0.0,1.863135052056566,0.0,1.4901291758088432e-08,2.8874533123467686e-10,0.0,0.0,0.0,0.0,2.0,0.7080315549159802,5.0,0.0,0.18182773737723706,0.353910105875533,-0.43837351877779246,0.5035154102891747,-0.6182874897473364,0.751596496826779,0.0
201810,0.8381022798926671,12.0,-7.930920302102725,0.1993740312097049,0.0,0.0,0.0,0.0,1.0,12.0,0.0,1.294469659264271e-67,7.050380673392583e-17,6.377570596351396e-19,-0.049774217871801196,0.33891270128095785,1.0,1.0,8.0,0.0,0.2864987532285366,0.7860577972741299,0.0,3.779860057965745,0.0,1.4901161193847656e-08,5.094097333338884e-11,0.0,0.0,0.0,0.0,2.0,0.6857438746550089,5.0,0.0,0.20282997099702244,0.38925110408643204,-0.47645219655165577,0.3034707304855346,-0.6725395949666367,0.5673136228154072,0.0
201811,0.8144407265667014,12.0,-9.455076536236172,0.14613797836060397,0.0,0.0,0.0,0.0,1.0,12.0,0.0,8.908131403021496e-67,-2.3306388014692988e-17,-1.7648912026728884e-17,-0.07013993224505216,0.1419792586882565,1.0,12.0,7.0,0.0,0.3034446763411577,1.0542004488758097,0.0,2.449380028256343,0.0,1.4901163388346575e-08,2.825630073510335e-10,0.0,0.0,0.0,0.0,1.0,0.7098812264170961,6.0,0.0,0.12409571692736675,0.39055663186530254,-0.5017913691175646,0.30122148125984943,-0.693405033282058,0.5474586730546707,0.0
201812,0.8152682436712809,12.0,-9.705718776763273,0.2165675654348744,0.0,0.0,0.0,0.0,1.0,12.0,0.0,5.336823313375926e-72,2.4982546827436715e-18,-3.2618447672286836e-19,-0.16962382946657642,0.11629844976841411,1.0,11.0,6.0,0.0,0.3274585167038107,1.0126035289333795,0.0,2.494692125162436,0.0,1.4901212903146624e-08,2.8642388762025275e-10,0.0,0.0,0.0,0.0,2.0,0.7095965032210192,6.0,0.0,0.1530659596830877,0.3288471995816033,-0.5192777481797314,0.32097427112677585,-0.718606333275827,0.6157452301079677,0.0
201901,0.8439992110866874,12.0,-8.798913151957898,0.35421172831511116,0.0,0.0,0.0,0.0,1.0,12.0,0.0,2.0511838320557867e-67,-1.77574893191665e-16,-4.590214258179175e-18,-0.5574220398538879,0.716946817370131,1.0,12.0,5.0,0.0,0.38437430429127356,0.9554153996617488,0.0,2.993491490813781,0.0,1.4901161193847656e-08,2.9235825865551626e-10,0.0,0.0,0.0,0.0,1.0,0.709576062995896,6.0,0.0,0.21585375565617493,0.39169744339450624,-0.5733335842973638,0.3811453173223732,-0.708970291197149,0.6106448138261977,0.0
201902,0.8245283283084802,12.0,-8.590628834494673,0.3788906059104226,0.0,0.0,0.0,0.0,1.0,12.0,0.0,8.810403322049132e-70,6.6686037664158235e-18,-2.1396009886070875e-18,-0.376954616764001,0.8072394677004734,1.0,11.0,4.0,0.0,0.447248614145852,0.7047550925878291,0.0,3.453508494499772,0.0,1.4901164279991623e-08,2.9491704587049843e-10,0.0,0.0,0.0,0.0,1.0,0.7089269322972549,5.0,0.0,0.24321964113554834,0.43164084248405116,-0.5458680828423577,0.517200498505657,-0.6950123114752855,0.9110258985639865,0.0
201903,0.7713842608630846,12.0,-8.59619237165406,0.25054663306252356,0.0,0.0,0.0,0.0,1.0,12.0,0.0,3.3329943921821716e-68,-2.636730770695564e-16,-7.85751631418376e-18,-0.15838855018578682,0.5280494918866047,1.0,10.0,3.0,0.0,0.2864475734426547,0.7453294420196711,0.0,7.240862072059108,0.0,1.490127001329873e-08,2.9088316471105167e-10,0.0,0.0,0.0,0.0,1.0,0.7113496648171237,6.0,0.0,0.24260398022655513,0.3736810428102909,-0.4684508382257967,0.5578337746549092,-0.7772612138602778,1.434649190403767,0.0
201904,0.8056501014036231,12.0,-7.564754652582812,0.2049811018602003,0.0,0.0,0.0,0.0,1.0,12.0,0.0,5.419775526958048e-68,-2.791391299392157e-17,6.1849266970442425e-18,-0.31176515791606796,0.35100338593682195,1.0,9.0,2.0,0.0,0.34816234499663024,0.4956614686771446,0.0,6.630995085742651,0.0,0.3945888560970189,0.0,0.0,0.0,0.0,0.0,2.0,0.6620183683765243,6.0,0.0,0.2598282248626395,0.4417431200765776,-0.5520371043283957,0.7846025754879652,-0.6634668880024788,1.053159501119915,0.0
201905,0.7440129895974608,12.0,-12.189688485368258,0.16963011935520547,0.0,0.0,0.0,0.0,1.0,12.0,0.0,3.193972736893238e-68,1.5784603207361936e-16,6.142308102249933e-18,-0.2880626302026963,0.6428427190087979,1.0,8.0,1.0,0.0,0.2461183051423546,0.5014806816684524,0.0,1.4903307452489267,0.0,1.4901533479461964e-08,2.8203474939540187e-10,0.0,0.0,0.0,0.0,2.0,0.7152958969929281,6.0,0.0,0.09573679014795446,0.36251300861763114,-0.28389409908287716,0.5682835433598508,-0.6087639308031016,1.1729462704189526,0.0
201906,0.918452951067299,12.0,-8.021724130299646,0.18175655221784148,0.0,0.0,0.0,0.0,1.0,12.0,0.0,4.598823650574107e-69,1.3726738804525813e-16,8.709546306057361e-18,0.4941819506327048,0.693504079576121,1.0,7.0,10.0,0.0,0.48772758547370143,0.6398530965060522,0.0,0.5646291504554543,0.0,1.490118050587582e-08,2.876180193528184e-10,0.0,0.0,0.0,0.0,2.0,0.6937149509713184,6.0,0.0,0.33478062238502704,0.5041832407231351,-0.4137331089633731,0.6992132965840048,-0.7317427532785404,1.32878424481913,0.0
201907,0.9577078457037752,12.0,-7.675822327549822,0.2748084126459945,0.0,0.0,0.0,0.0,1.0,12.0,0.0,1.0157570108083855e-67,1.244883154825071e-16,1.1566099966634051e-17,-0.2688183430786494,0.30176456886448155,1.0,6.0,12.0,0.0,0.2886254477670486,0.6700664838141198,0.0,0.4565369650663844,0.0,1.4901161193847656e-08,2.89944834243002e-10,0.0,0.0,0.0,0.0,2.0,0.6866026625963535,6.0,0.0,0.31269437664395816,0.3960773200158917,-0.31762984685332446,0.4211097672528949,-0.5751625207739952,0.7856784473053889,0.0
201908,0.9012233200593333,12.0,-7.0399156788209325,0.32649512178139317,0.0,0.0,0.0,0.0,1.0,12.0,0.0,1.2417357309254035e-73,2.1956724138375614e-18,-5.169856832525529e-19,-0.09117342970877035,0.04934145968221631,1.0,5.0,11.0,0.0,0.29665516713173595,0.4838133750482871,0.0,1.8696600965605634,0.0,1.4901292676168825e-08,2.933169617397599e-10,0.0,0.0,0.0,0.0,2.0,0.6804699441863978,6.0,0.0,0.37057132270231286,0.4444445734139088,-0.34733388373832547,0.423195620359073,-0.4758633211054116,0.571717991738451,0.0
201909,0.889904777289565,12.0,-6.850712088967374,0.2185279842342866,0.0,0.0,0.0,0.0,1.0,12.0,0.0,5.820828216593112e-70,3.850580238473665e-17,-7.99116212664411e-18,-0.26301955246075576,0.3204585867772375,1.0,4.0,10.0,0.0,0.09919599525477182,0.35435742675198556,0.0,3.9841952846866104,0.0,1.4901161193847656e-08,2.8928698458760383e-10,0.0,0.0,0.0,0.0,2.0,0.6763381786755546,5.0,0.0,0.4069975171287469,0.4070809234574541,-0.175153325953931,0.2198411356321269,-0.5034865250936734,0.5981179907110055,0.0
201910,0.9262252316021748,12.0,-5.254106726869142,0.2029399007714212,0.0,0.0,0.0,0.0,1.0,12.0,0.0,3.705230007999372e-68,1.5336762626043022e-16,-8.296624211404064e-18,-0.25141716423107857,0.6367282324812416,1.0,3.0,9.0,0.0,0.12229508409111799,0.8847795286640495,0.0,7.949607647476795,0.0,0.7179137548967081,0.0,0.0,0.0,0.0,0.0,2.0,0.5798731168583957,2.0,0.0,0.443730915557868,0.5277318272475716,-0.15622601585781304,0.3104252739704822,-0.4587336787259536,0.5789194347226138,0.0
201911,0.8664428291302669,12.0,-5.064381547574989,0.1719741969650908,0.0,0.0,0.0,0.0,1.0,12.0,0.0,5.438858283155506e-68,3.0304678868820443e-16,-5.546671187704684e-18,0.23141065725337853,0.5187698318060364,1.0,12.0,8.0,0.0,0.0877092335191508,0.3636965052039548,0.0,7.492156712960257,0.0,0.8411739896579079,0.0,0.0,0.0,0.0,0.0,2.0,0.6070280389029389,2.0,0.0,0.3190903640214869,0.4718452299001914,-0.07296872042695016,0.21221319614369832,-0.3272048791211548,0.41535411845603315,0.0
201912,0.856857814214072,12.0,-6.487895303706599,0.2598668738991877,0.0,0.0,0.0,0.0,1.0,12.0,0.0,1.2979095820220675e-69,2.8083418883828384e-17,1.081929656852233e-17,0.09914251530747782,0.3698301427580034,1.0,11.0,7.0,0.0,0.11610988513818163,0.4695356574498206,0.0,0.10424031407683017,0.0,0.7975608323403733,6.1969051024875104e-15,0.0,0.0,0.0,0.0,2.0,0.5245221035617599,2.0,0.0,0.4554848069657942,0.5726094461934663,-0.10962633819087349,0.22479730503234188,-0.4614145519987744,0.6022560500151544,0.0
202001,0.8007083468817795,12.0,-2.358605272233922,0.4194258427032955,0.0,0.0,0.0,0.0,1.0,12.0,0.0,9.786419135209171e-70,-2.0591053121012272e-17,7.060760997688543e-18,0.03232225639273577,0.3850975525611741,1.0,10.0,6.0,0.0,0.29428347353545653,0.7099213031249926,0.0,2.949844356105366,0.0,1.4901170977899587e-08,2.9388586385432915e-10,0.0,0.0,0.0,0.0,2.0,0.5301691893799464,1.0,0.0,0.6100846359431954,1.0034206025377388,-0.3609054706419269,0.4092627494666225,-0.565749275365421,0.6872426539347986,0.0
202002,0.8488141925553231,12.0,-2.7092604870060373,0.44789043825026337,0.0,0.0,0.0,0.0,1.0,12.0,0.0,1.940221568094664e-71,-2.7872623926377483e-18,-1.5605512147803992e-18,0.33370767773438453,0.4087307530614544,1.0,9.0,5.0,0.0,0.4602628570204916,0.811636279211916,0.0,1.2901116649261706,0.0,1.490116818497048e-08,2.9631380738874285e-10,0.0,0.0,0.0,0.0,2.0,0.51417704130917,1.0,0.0,0.6353840979108022,1.1776909674767577,-0.4221774441777636,0.45372109854668913,-0.6264902693272746,0.8604060942670623,0.0
202003,0.8952936086571777,12.0,-4.982233578237212,0.33681684412269,0.0,0.0,0.0,0.0,1.0,12.0,0.0,2.3448661931113188e-70,-3.5368157832235433e-19,2.9648813695331215e-18,0.32127060732478824,0.361313008279898,1.0,8.0,4.0,0.0,0.4044851072023886,0.7462658937472925,0.0,0.20994164275925076,0.0,0.6587672127187495,4.860160313427343e-15,0.0,0.0,0.0,0.0,2.0,0.44360576669661406,2.0,0.0,0.5228049484908777,0.9072265061844881,-0.21776817421579403,0.5456918090826195,-0.60616106044691,0.8773692760188379,0.0
202004,0.9102069313641239,12.0,-4.71151917828888,0.16096099209631362,0.0,0.0,0.0,0.0,1.0,12.0,0.0,8.332941034381507e-68,1.013334553546964e-16,2.3473439593281497e-18,-0.07294286314532368,0.4212648754916725,1.0,7.0,3.0,0.0,0.42139309508073863,0.884481124491497,0.0,0.6989694865813525,0.0,0.7073862548558209,0.7073862548558206,0.0,0.0,0.0,0.0,2.0,0.4519036269647127,2.0,0.0,0.502355201914647,0.9139498810773113,-0.09240423647727415,0.3674018784345472,-0.6389586031168127,1.0597916026320635,0.0
202005,0.8852234316395099,12.0,0.03612765561537845,0.18605717756159745,0.0,0.0,0.0,0.0,1.0,12.0,0.0,2.3979379653368264e-68,3.88040790783436e-16,-1.0713833179448258e-17,0.02224923146380366,0.6531447052545172,1.0,6.0,12.0,0.0,0.27245596025937974,0.5017176717083804,0.0,0.6196346844630432,0.0,0.7300442591800946,0.7300442591800946,0.0,0.0,0.0,0.0,3.0,0.5734905592129935,2.0,0.0,0.41400412860480934,0.6137224684462043,0.12617993680507822,0.4818420805330189,-0.47398901851308706,0.8783158662207045,0.0
202006,0.8978041388251247,12.0,-2.8539343663209893,0.2506349292523453,0.0,0.0,0.0,0.0,1.0,12.0,0.0,4.254993246563436e-67,1.1372124906709398e-16,-8.216641919808269e-18,-0.3337158542328151,0.15651061733167915,1.0,5.0,11.0,0.0,0.11387054596522074,0.3111123719537102,0.0,1.4624815499336232,0.0,0.967346171156199,4.899727338135887e-14,0.0,0.0,0.0,0.0,3.0,0.3445453828198802,2.0,0.0,0.6511313980939623,0.97813792233057,-0.038967885315305914,0.31232806516726014,-0.4836757914297575,0.5990685639996649,0.0
202007,0.8682207550912177,12.0,-3.2157383973777964,0.31770870038510113,0.0,0.0,0.0,0.0,1.0,12.0,0.0,2.1037017414445202e-67,-9.182231086089538e-17,-2.2897751681030355e-18,4.56583692071583e-06,0.4441643668069415,1.0,4.0,10.0,0.0,0.07252931246831026,0.29442783507688525,0.0,1.3325303808955893,0.0,1.490126721136437e-08,2.878042456487147e-10,0.0,0.0,0.0,0.0,3.0,0.32987158199994454,2.0,0.0,0.7337266389823699,1.1729100514359136,0.04619290020627781,0.21249084057975512,-0.47302717479747647,0.6046055206281309,0.0
202008,0.8654527116888432,12.0,-4.031624433215782,0.29491231886685204,0.0,0.0,0.0,0.0,1.0,12.0,0.0,4.272897445202989e-68,-1.7775491523738862e-16,-4.655498398053369e-18,-0.2159019039101142,0.5653323856938629,1.0,3.0,9.0,0.0,0.15808647819241065,0.2769304220216471,0.0,0.32892020635593006,0.0,0.999999985098816,1.1211703639667917e-13,0.0,0.0,0.0,0.0,3.0,0.3340673379300373,1.0,0.0,0.7186637085254011,1.1253440773198067,0.1672932531251244,0.3237313955048704,-0.4499599445806246,0.5476856869370502,0.0
202009,0.9276285788127535,12.0,-4.127349278738103,0.24258942425514465,0.0,0.0,0.0,0.0,1.0,12.0,0.0,3.1171264143694084e-68,-1.0179702226176215e-16,1.031065254554462e-17,0.27902863825705954,0.4865655147329747,1.0,2.0,8.0,0.0,0.18480054239537064,0.19928172885797185,0.0,0.2634152607053299,0.0,0.9999999850988388,0.0,0.0,0.0,0.0,0.0,3.0,0.33243008298041493,2.0,0.0,0.7118590951298026,1.136189340308327,0.20424102105372788,0.3659040556389386,-0.3267514601916603,0.30478148222071294,0.0
202010,0.92788185342716,12.0,-4.44444788101794,0.1839935913857819,0.0,0.0,0.0,0.0,1.0,12.0,0.0,8.461724631859791e-71,1.27736277995044e-18,1.066081417746071e-18,-0.22417312900192232,0.39582943691297656,1.0,1.0,7.0,0.0,0.18544148447737163,0.4087270730222802,0.0,0.46731345026103127,0.0,0.9999999850988388,0.3344213954006834,0.0,0.0,0.0,0.0,3.0,0.28832641150483646,2.0,0.0,0.6774795094861381,1.2685844229344967,0.31244763329061165,0.26814022833504897,-0.3621096546578009,0.22177008862008069,0.0
202011,0.9078521279554793,12.0,-3.610856815881811,0.14108910146163176,0.0,0.0,0.0,0.0,1.0,12.0,0.0,6.836651958641813e-68,-5.350302398248545e-17,-1.6548902228996813e-18,0.22344922346800486,0.6025083660159849,1.0,12.0,6.0,0.0,0.17410212389312013,0.30597673415447363,0.0,1.2542092618271194,0.0,0.9999999850988369,0.41399728160456656,0.0,0.0,0.0,0.0,1.0,0.2848738213228883,2.0,0.0,0.6432041127631766,1.3594376109975082,0.35151753278547165,0.3318608264054619,-0.341563105011537,0.20807071708855357,0.0
202012,0.8968137828459253,12.0,-3.7731290310714343,0.193756073135254,0.0,0.0,0.0,0.0,1.0,12.0,0.0,5.077295277389293e-68,1.1459948566939936e-16,-2.044252660266439e-18,0.17158879206090452,0.631626279498826,1.0,11.0,5.0,0.0,0.1422921201824653,0.19178667919061515,0.0,0.6515929044081051,0.0,0.9999999850988278,2.2768516333461128e-14,0.0,0.0,0.0,0.0,2.0,0.23246575763887786,2.0,0.0,0.7010823624224163,1.2947673849126662,0.2895115049512225,0.3085574972275463,-0.34562886406975146,0.3090151185436988,0.0
202101,0.9227682375945627,12.0,-3.2502482185331902,0.29039153214731594,0.0,0.0,0.0,0.0,1.0,12.0,0.0,5.190742043999958e-67,1.7410227214939875e-16,-3.925063767177432e-18,0.009127279217628527,0.2248249760389068,1.0,10.0,4.0,0.0,0.14679063044180773,0.25615447738333114,0.0,0.8042152461631611,0.0,0.9999999850988388,0.0,0.0,0.0,0.0,0.0,3.0,0.2218928402227051,2.0,0.0,0.7352885928047231,1.2850462274977776,0.25934061404759046,0.277694250794595,-0.3930830865711584,0.37632684670921973,0.0
202102,0.8860108983851152,12.0,-0.8659554349055626,0.41686378719142586,0.0,0.0,0.0,0.0,1.0,12.0,0.0,7.105588333322026e-71,1.1710252873792718e-17,1.0630390519073178e-18,0.04633664557541138,0.4136626625974458,1.0,12.0,3.0,0.0,0.13221661374349689,0.27973758773006263,0.0,1.6292649859179413,0.0,1.4901167096244108e-08,2.943789681494827e-10,0.0,0.0,0.0,0.0,2.0,0.3833600153077745,1.0,0.0,0.7187423969026587,1.3841919718833726,0.1487403192625854,0.2533732417329513,-0.3319338013803154,0.36921605531479984,0.0
202103,0.923571592577446,12.0,-3.4854475746113796,0.37536848495830166,0.0,0.0,0.0,0.0,1.0,12.0,0.0,2.360880813357839e-69,1.5100908803607756e-17,4.1161267553066654e-18,0.33420916667064854,0.7966877770262926,1.0,11.0,2.0,0.0,0.06273542128521564,0.08111255030344135,0.0,7.34304859332588,0.0,1.4901161193847656e-08,2.930921087559286e-10,0.0,0.0,0.0,0.0,2.0,0.39503581063047355,2.0,0.0,0.647331077891695,1.1351476597767647,-0.15252170935326806,0.2586161248782892,-0.17419109726804405,0.25762028782061924,0.0
202104,0.9095049291279854,12.0,-3.5516827102626154,0.36855552742613473,0.0,0.0,0.0,0.0,1.0,12.0,0.0,5.79261315042756e-68,1.837669646646244e-16,1.2769754930042265e-17,-0.25914036222343956,0.7212704559691373,1.0,10.0,1.0,0.0,0.2275492167213845,0.5952752684403515,0.0,14.744025685215938,0.0,0.5400652375605403,0.5400652375605403,0.0,0.0,0.0,0.0,2.0,0.5172710998662131,3.0,0.0,0.5379779165184062,0.8530350773260633,-0.3491725598959927,0.24264933479269896,-0.5840539436341737,0.45662189171461537,0.0
202105,0.9102258214342085,12.0,-5.995554342018901,0.23892452217762167,0.0,0.0,0.0,0.0,1.0,12.0,0.0,4.725131307306067e-68,1.1749015838332883e-16,-1.277161784458168e-19,-0.30465338918938445,0.6378635004419266,1.0,9.0,1.0,0.0,0.48145742797656477,1.5518114671459233,0.0,6.498885360060052,0.0,0.5469256381999408,0.5469256381999406,0.0,0.0,0.0,0.0,2.0,0.47176739522322897,4.0,0.0,0.3699319648935453,0.6389111455542456,-0.4250411020325505,0.35352443608640216,-0.7392371385772672,0.6828216313188442,0.0
202106,0.9320030576874502,12.0,-8.180710133475115,0.1461740455010776,0.0,0.0,0.0,0.0,1.0,12.0,0.0,2.997762468770728e-69,1.1059224121258236e-17,-8.412515489015057e-19,0.009932364166501341,0.44197181605054847,1.0,8.0,1.0,0.0,0.5652463642635297,1.0542820195955527,0.0,8.376761178088506,0.0,0.6049022153211583,4.113929089506827e-15,0.0,0.0,0.0,0.0,2.0,0.5536375419124518,4.0,0.0,0.25023734697711203,0.6732798181316834,-0.5027094987372319,0.4478627926506102,-0.7699306895137574,0.7445003105940019,0.0
202107,0.8806127587434947,12.0,-10.104084824760363,0.10260329788451986,0.0,0.0,0.0,0.0,1.0,12.0,0.0,8.086573513968181e-69,-9.742770319416813e-17,-1.4211814379755433e-17,0.4090953263509793,0.6105809648030308,1.0,7.0,8.0,0.0,0.47524391563555396,0.7447445521488566,0.0,4.942043264860222,0.0,1.49011829906566e-08,2.888391804695081e-10,0.0,0.0,0.0,0.0,2.0,0.7907321598985892,3.0,0.0,0.031091458764787357,0.4064737386711668,-0.38948531656041646,0.4725829208371534,-0.6539459334155338,0.6427536131783056,0.0
202108,0.8653464752150466,12.0,-9.19697703345673,0.09540510182692942,0.0,0.0,0.0,0.0,1.0,12.0,0.0,1.1798495978874205e-67,3.199835876097379e-16,1.1925481198152885e-17,0.1161410364530474,0.21592911718301913,1.0,6.0,7.0,0.0,0.47918015194922503,0.9155312109580063,0.0,3.889017592726644,0.0,1.4901162947320574e-08,3.766494241795559e-09,0.0,0.0,0.0,0.0,2.0,0.8124237464662587,3.0,0.0,0.1259402605588515,0.46442866695216684,-0.3899936016193293,0.4686059569478834,-0.6807033529778445,0.8928635384865619,0.0
202109,0.9483903842485133,12.0,-7.488372672257117,0.14566008608435213,0.0,0.0,0.0,0.0,1.0,12.0,0.0,1.1998839536376532e-71,7.728217877600233e-18,-4.3083067529455417e-19,0.2261849840930872,0.45978173519898763,1.0,12.0,6.0,0.0,0.6068131719110362,0.8870490352887109,0.0,1.3190905962763126,0.0,0.6537305780026325,3.075771845346702e-14,0.0,0.0,0.0,0.0,2.0,0.6660604788960282,5.0,0.0,0.2533586220567986,0.5337602947389392,-0.3863109896208285,0.6106741681797853,-0.696267929185854,0.949836960952179,0.0
202110,0.938406135629397,12.0,-4.7961388722008085,0.21290282931574084,0.0,0.0,0.0,0.0,1.0,12.0,0.0,3.830078907091875e-68,-2.2113782941425727e-16,-1.6438486474776418e-17,-0.2419239363996675,0.19954045300251833,1.0,12.0,5.0,0.0,0.44147526522349334,0.9973866474824276,0.0,0.5581383663083969,0.0,0.7146901694321615,0.0,0.0,0.0,0.0,0.0,2.0,0.6128951647171689,4.0,0.0,0.4452012209855089,0.6950543539446715,-0.36892084773988143,0.44956635774958553,-0.7197313483965995,0.8809920414841174,0.0
202111,0.9251040187483761,12.0,-2.6928240605583125,0.3110122380168234,0.0,0.0,0.0,0.0,1.0,12.0,0.0,7.269025269590067e-70,-4.022303652755495e-17,-6.538643056185224e-18,0.23770990239885315,0.3556985744529074,1.0,12.0,4.0,0.0,0.4191005546063098,1.0120706826267685,0.0,1.312076068172083,0.0,0.7205301459182124,2.0624330806583825e-14,0.0,0.0,0.0,0.0,2.0,0.47301958143333106,3.0,0.0,0.5464927557044611,0.8572147547610652,-0.3794599271589857,0.41323760566631385,-0.7320419557883655,0.9063804784156254,0.0
202112,0.9425608381260764,12.0,-4.23287132672279,0.32466207628492255,0.0,0.0,0.0,0.0,1.0,12.0,0.0,2.987154928294654e-67,3.694877538961687e-17,-7.039509947306614e-18,-0.22169291394158505,0.4646659456387403,1.0,11.0,3.0,0.0,0.3618636894095104,0.48174292171691024,0.0,0.49584518305855213,0.0,1.4901161193847656e-08,2.893981549945778e-10,0.0,0.0,0.0,0.0,2.0,0.3438279674801675,3.0,0.0,0.6127309849692664,1.097578309487348,-0.34845501161678405,0.4047513025110186,-0.596359851547514,0.6396321571236436,0.0
202201,0.9809371753987205,12.0,-5.199415378517698,0.2844337581497446,0.0,0.0,0.0,0.0,1.0,12.0,0.0,3.539358982564536e-68,-6.679423699204043e-17,3.1169440515693928e-18,-0.3053549792143145,0.41159964583005854,1.0,10.0,2.0,0.0,0.21715067380426395,0.32369868848801403,0.0,1.2251085397732624,0.0,1.4901161193847656e-08,2.915443340938284e-10,0.0,0.0,0.0,0.0,2.0,0.3383704476143836,3.0,0.0,0.6121552182750326,1.0549689986807873,-0.07570658195425765,0.31810073729092603,-0.45100424179897924,0.42179048682943343,0.0
202202,0.9762498488219843,12.0,-4.243933606648618,0.24860137047069578,0.0,0.0,0.0,0.0,1.0,12.0,0.0,1.9099644225958488e-126,-7.395570986446986e-32,-5.546678239835239e-32,-0.2953852021357741,0.33320158565584507,1.0,9.0,1.0,0.0,0.12446394367329049,0.39060829645368106,0.0,3.728660944644909,0.0,0.9999999850988388,0.33278828926197934,0.0,0.0,0.0,0.0,2.0,0.24652099688114934,2.0,0.0,0.6573777033266603,1.1882877555191487,0.1798418901564634,0.20953918719361916,-0.425679543580985,0.3502325393147891,0.0
202203,0.9373869837648663,12.0,-3.9523120819003896,0.15226592285992754,0.0,0.0,0.0,0.0,1.0,12.0,0.0,1.289963381653964e-68,-1.2894779110128104e-16,7.890990167489164e-18,0.29307696333958155,0.5113793489359343,1.0,8.0,2.0,0.0,0.2708385435270937,0.26463068558632374,0.0,3.799343623016533,0.0,0.999999985098789,1.0924568852477895e-13,0.0,0.0,0.0,0.0,2.0,0.2669831002682816,2.0,0.0,0.7040156684111223,1.44735357853197,0.2696002668186086,0.38814428667455453,-0.32758773439237554,0.508720111389901,0.0
202204,0.8956974283451844,12.0,-5.1233412820471,0.13388382443917665,0.0,0.0,0.0,0.0,1.0,12.0,0.0,7.507686149851908e-69,1.5843618363996047e-16,-6.785035622466356e-18,0.3191779058764192,0.6400492861152833,1.0,7.0,1.0,0.0,0.322073373787164,0.34270017342152953,0.0,1.7829578987559185,0.0,0.9999999850988388,0.0,0.0,0.0,0.0,0.0,2.0,0.35201765823012326,2.0,0.0,0.6625901241650209,1.3691069609555204,0.29736195265749604,0.4400965019784931,-0.4419225120287198,0.725979173667671,0.0
202205,0.9296792812348206,12.0,-6.24234934786876,0.18400018216661687,0.0,0.0,0.0,0.0,1.0,12.0,0.0,2.6872755428839207e-69,-9.269249591791759e-18,-2.0645860443001894e-18,-0.19432653895043134,0.48868533624340305,1.0,6.0,1.0,0.0,0.1856509960670944,0.35019267331104026,0.0,8.031804544407365,0.0,0.9999999850988357,0.0,0.0,0.0,0.0,0.0,2.0,0.3797622227091497,2.0,0.0,0.5905163152194368,1.0861227651522245,0.22817051765490687,0.2984698785349628,-0.30622184650986756,0.429673686108724,0.0
202206,0.9015480601908626,12.0,-3.148089539650874,0.32210608380208183,0.0,0.0,0.0,0.0,1.0,12.0,0.0,6.279196980093243e-72,-5.855126436895989e-18,-1.378628488677238e-18,-0.09117342970869433,0.0493414596822931,1.0,5.0,8.0,0.0,0.3390129546281035,0.3705799498155409,0.0,4.854912267322181,0.0,0.9999999850988242,3.37073435967905e-14,0.0,0.0,0.0,0.0,2.0,0.30642224462221374,1.0,0.0,0.7612967432204875,1.239140695278057,0.24519775700875807,0.4227867651604847,-0.34019851170735516,0.4013295234556962,0.0
202207,0.9666479107198862,12.0,-2.3203918041462375,0.3823069758460867,0.0,0.0,0.0,0.0,1.0,12.0,0.0,1.0646769111305687e-123,-2.465190328815662e-31,-2.341930812374879e-31,-0.3531236628155756,0.5476308296205726,1.0,4.0,12.0,0.0,0.45963507420743394,0.3072948476016308,0.0,5.781176338295174,0.0,1.490119560742743e-08,2.943955508480039e-10,0.0,0.0,0.0,0.0,2.0,0.3764556507852775,1.0,0.0,0.7429685751944027,1.2014995301821039,0.14760312272522177,0.5088318414236921,-0.38252686040932254,0.5226983306990635,0.0
202208,0.9868078779935967,12.0,-2.090356461527539,0.40995286922605384,0.0,0.0,0.0,0.0,1.0,12.0,0.0,3.855511179680813e-69,-1.7588846535769563e-17,-5.6912101750993605e-18,-0.47162392762834376,0.5121429401128111,1.0,3.0,11.0,0.0,0.26168406869515654,0.508251497024637,0.0,7.215053633379445,0.0,0.9999999850988388,5.633656705821792e-15,0.0,0.0,0.0,0.0,2.0,0.45200754638972285,3.0,0.0,0.7434037145032708,1.1139923609148497,0.04150889323952357,0.30548043753479687,-0.4211379992638793,0.6194848680150714,0.0
202209,0.9230411428405233,12.0,-3.0244033185750356,0.35746044179878816,0.0,0.0,0.0,0.0,1.0,12.0,0.0,2.904089164457363e-70,-6.462966699763129e-18,1.9321378064361337e-19,-0.24112812673136383,0.38887715363905956,1.0,2.0,10.0,0.0,0.17347868978132389,0.37126802182491625,0.0,5.838182159522295,0.0,0.9999999850988383,1.375861249845263e-14,0.0,0.0,0.0,0.0,2.0,0.464678094714483,4.0,0.0,0.6727168083376335,0.7839466883683233,0.04784873207065748,0.2994739890863915,-0.294474179076592,0.4683167461112356,0.0
202210,0.8312452976830988,12.0,-5.623548720395225,0.29057035196824854,0.0,0.0,0.0,0.0,1.0,12.0,0.0,2.4080548590537412e-67,1.3403364266011995e-16,1.7014237316326822e-17,-0.3337495045120739,0.2042090212395626,1.0,1.0,9.0,0.0,0.25526099847721095,0.45585353012656027,0.0,2.7237563958180435,0.0,0.9999999850988219,3.3864410607925195e-14,0.0,0.0,0.0,0.0,2.0,0.6446636204429985,4.0,0.0,0.42674232063857703,0.38625045796841606,0.27495883415586025,0.3540173969660774,-0.47056731162949766,0.5690640805807629,0.0
202211,0.8524741365596196,12.0,-8.835653215132542,0.15204756173286824,0.0,0.0,0.0,0.0,1.0,12.0,0.0,2.3725490052296313e-67,1.17389424401e-16,2.138796699486661e-17,0.0885486967171334,0.1294695894932865,1.0,1.0,8.0,0.0,0.07265753268946666,0.5608646939894499,0.0,0.08188855864113127,0.0,0.9999999850985039,2.3378245517542553e-13,0.0,0.0,0.0,0.0,2.0,0.680869618799917,4.0,0.0,0.25594496024944857,0.3433036507149148,0.065557873933675,0.1842951601036855,-0.49230306567393284,0.5580240245256668,0.0
202212,0.7721082770777195,12.0,-9.422860013398434,0.24541761395965644,0.0,0.0,0.0,0.0,1.0,12.0,0.0,9.411156405734548e-68,-1.173037028949065e-16,-1.8079281381140134e-18,-0.5763040316867756,0.8956544420940662,1.0,11.0,7.0,0.0,0.370009899264459,0.46606287985874567,0.0,0.5171329402900762,0.0,1.4901229813803946e-08,2.8960084141619673e-10,0.0,0.0,0.0,0.0,2.0,0.7041115458595364,4.0,0.0,0.24619150664736084,0.2833418189049555,-0.27435651135429856,0.4774592660068823,-0.46501058211127766,0.6546244978392968,0.0
202301,0.8128839148874996,12.0,-6.170805175489075,0.3876626188564635,0.0,0.0,0.0,0.0,1.0,12.0,0.0,2.600899312224745e-67,-3.263863667238613e-17,-2.7732108459848675e-17,-0.13095060849362952,0.46350666918386546,1.0,10.0,6.0,0.0,0.6735315435258977,1.0491821850451448,0.0,0.00044305586245912547,0.0,1.490117477778524e-08,2.944136175773027e-10,0.0,0.0,0.0,0.0,2.0,0.7202613968850362,3.0,0.0,0.37391214059638156,0.37963201328300383,-0.4275199488419364,0.6327489508880804,-0.6786063432391813,1.0915864135663866,0.0
202302,0.8912478918018396,12.0,-8.85108376345319,0.26596626260912326,0.0,0.0,0.0,0.0,1.0,12.0,0.0,2.9579122848320745e-67,1.3874589827387056e-17,6.109794969381944e-18,-0.23573416201804984,0.5438130027413514,1.0,9.0,5.0,0.0,0.4216582223527863,0.5403697939495046,0.0,0.03251679508290462,0.0,1.4901161193847656e-08,2.9231959125789905e-10,0.0,0.0,0.0,0.0,2.0,0.6595191398860404,4.0,0.0,0.2658513690391192,0.39641857930186397,-0.42838944088249853,0.6889108199594048,-0.6454085339495635,0.9894101478209831,0.0
202303,0.969200933364935,12.0,-6.847577906452633,0.11383823755216753,0.0,0.0,0.0,0.0,1.0,12.0,0.0,2.0837375081773937e-68,-2.869091484173338e-16,-3.951559632572192e-18,-0.5098682715179793,0.7838271922565586,1.0,8.0,12.0,0.0,0.12334503595113237,0.5073538032923858,0.0,0.7872307438840621,0.0,0.8590278215222384,0.0,0.0,0.0,0.0,0.0,1.0,0.7197658005867023,3.0,0.0,0.3060451208682431,0.634893154914271,-0.13485396161988394,0.3546856075128244,-0.6046910837189853,0.7153658042679556,0.0
202304,0.920097573974995,12.0,-9.675316727545127,0.19931498397946312,0.0,0.0,0.0,0.0,1.0,12.0,0.0,3.055943076153358e-125,1.4791141972893971e-31,1.1093356479670479e-31,-0.2953852021357741,0.33320158565584507,1.0,12.0,11.0,0.0,0.26981941054429487,0.15662800867618631,0.0,5.1610635234493785,0.0,1.4901161193847656e-08,2.9064887965959605e-10,0.0,0.0,0.0,0.0,2.0,0.8158494092097314,3.0,0.0,0.03808385542683373,0.22340760379555683,-0.23989251161380723,0.37463645188012107,-0.25615808165527293,0.40091826150891796,0.0
202305,0.7939786615257225,12.0,-14.095010588206945,0.13540842277418716,0.0,0.0,0.0,0.0,1.0,12.0,0.0,1.0061608021978626e-67,-2.100758016268916e-16,-4.734408656873978e-18,-0.03730665134303219,0.26218647247916455,1.0,11.0,12.0,0.0,0.3371756712321919,0.35786053249105565,0.0,7.731333973519312,0.0,1.490141587424326e-08,2.8811984789109505e-10,0.0,0.0,0.0,0.0,2.0,0.7582761042422392,4.0,0.0,-0.1726634320013555,0.2331223147315032,-0.48418462491180353,0.4213432467349619,-0.46488181059855255,0.3987810670978711,0.0
202306,0.7342648555514254,12.0,-13.218537626496543,0.12390770435685146,0.0,0.0,0.0,0.0,1.0,12.0,0.0,1.5939324569390438e-68,-5.2331155812574205e-17,4.786823050299345e-18,-0.25658891871295986,0.358075368452747,1.0,10.0,11.0,0.0,0.5892842909487498,0.7885694100770102,0.0,4.612492360409514,0.0,1.4901534680088746e-08,2.893091866885752e-10,0.0,0.0,0.0,0.0,2.0,0.7524747282390004,7.0,0.0,-0.2240429650908296,0.2661103303792372,-0.6525759708798456,0.6537683615128568,-0.6989160845409598,0.7115594362374952,0.0
202307,0.6817341781397274,12.0,-16.454305143084873,0.209377074974923,0.0,0.0,0.0,0.0,1.0,12.0,0.0,1.4616317314805795e-68,6.401481840608715e-17,-5.601220810877058e-18,-0.20675432493770776,0.303781167240462,1.0,9.0,10.0,0.0,0.6732689396557056,1.106473411188541,0.0,2.69855003428923,0.0,1.4901485582160472e-08,2.9364922968186256e-10,0.0,0.0,0.0,0.0,2.0,0.7133648713130293,8.0,0.0,-0.34924390552023604,0.35582579860645375,-0.7063293601400287,0.7883976751552513,-0.7887311732042728,0.9259735458893774,0.0
202308,0.6538229939783737,12.0,-15.771543439605798,0.3451665839455669,0.0,0.0,0.0,0.0,1.0,12.0,0.0,1.329316719171767e-69,-3.434733979603828e-17,4.661016524796615e-18,-0.4550887086310723,0.4731588615961866,1.0,8.0,9.0,0.0,0.9627438940342162,1.4687496171169414,0.0,4.88829669579587,0.0,1.4901161193847656e-08,2.9498493423292855e-10,0.0,0.0,0.0,0.0,2.0,0.726131121295628,7.0,0.0,-0.32173975834387775,0.35040067636381633,-0.7728846731307527,0.8338516684765154,-0.8179901452717526,0.964252226623686,0.0
202309,0.6487257463333508,12.0,-15.550141807610862,0.19170360021525717,0.0,0.0,0.0,0.0,1.0,12.0,0.0,2.6150859949288476e-69,-8.37791074684295e-18,-2.1260781038135387e-18,-0.5524075731533744,1.0029163768714595,1.0,7.0,8.0,0.0,0.7355511233607293,1.1255713738263402,0.0,2.7650451345420013,0.0,1.4901161193847656e-08,2.906181250213056e-10,0.0,0.0,0.0,0.0,1.0,0.6928133438272479,8.0,0.0,-0.3388411506342762,0.47610121166910674,-0.7062295468152323,0.8580129878779972,-0.7942579141243296,0.9198123038290854,0.0
202310,0.5733418602552851,12.0,-15.123260710762786,0.16500201418918098,0.0,0.0,0.0,0.0,1.0,12.0,0.0,2.3231090777045514e-69,2.7137531727560648e-17,-1.1453226132731616e-18,-0.5352371228770613,0.6756051104017682,1.0,6.0,7.0,0.0,0.8068796287664238,1.0034055729874656,0.0,1.5632416430518996,0.0,1.4901836991345998e-08,2.910648867787824e-10,0.0,0.0,0.0,0.0,1.0,0.5900249822174896,7.0,0.0,-0.42309299363944086,0.6413772186621175,-0.7179244783487396,0.9674685338467912,-0.7626736693423698,0.9121598446776906,0.0
202311,0.451234999262349,12.0,-16.93797201414022,0.20679740187211312,0.0,0.0,0.0,0.0,1.0,12.0,0.0,9.693978678357748e-69,-8.682755621746314e-17,-1.3286638015459441e-17,0.03261179922273004,0.41208743373407763,1.0,5.0,6.0,0.0,0.9134084695378324,1.1878233793819692,0.0,1.5368641483953602,0.0,1.490119684264939e-08,2.9206396805230324e-10,0.0,0.0,0.0,0.0,1.0,0.5996922896287289,8.0,0.0,-0.46602558790033033,0.5652083276511213,-0.7381768601967712,0.9830359458476937,-0.7739037411918163,0.9857895719510082,0.0
202312,0.5161131602534428,12.0,-17.05243804643177,0.27402550488783706,0.0,0.0,0.0,0.0,1.0,12.0,0.0,0.0,0.0,-0.0,0.0,0.0,1.0,4.0,5.0,0.0,0.806720881915679,1.1360914600192058,0.0,1.241673250157886,0.0,1.4901544676373504e-08,2.937614786223261e-10,0.0,0.0,0.0,0.0,1.0,0.6394225813685179,8.0,0.0,-0.4296578051619521,0.5598921445780035,-0.739388555755566,0.9993535850389778,-0.8121931199968304,1.168187533796573,0.0
202401,0.49470839552954465,12.0,-16.886308559261302,0.4207200790110056,0.0,0.0,0.0,0.0,1.0,12.0,0.0,2.069706663975627e-68,-1.660635979544442e-16,8.693218464708145e-18,-0.2877681285819227,0.7197895129642433,1.0,3.0,4.0,0.0,1.2941057703627612,1.1439298347582565,0.0,2.8231986253658548,0.0,1.490135699432519e-08,2.9625473986279277e-10,0.0,0.0,0.0,0.0,1.0,0.6395574337849068,7.0,0.0,-0.3686210612164716,0.5550383647394143,-0.8282409890062328,1.2730559716256773,-0.8124431153354942,1.2103095217156714,0.0
202402,0.5250172195620223,12.0,-18.723416433938347,0.3794227117974458,0.0,0.0,0.0,0.0,1.0,12.0,0.0,7.6597399729145e-70,-1.7990728513809956e-17,2.528489934995164e-18,-0.2172063520892607,0.6454950670241068,1.0,2.0,3.0,0.0,0.7560530285381757,0.6707598480941692,0.0,3.6216602635644204,0.0,1.4901161193847656e-08,2.955566888515894e-10,0.0,0.0,0.0,0.0,1.0,0.5854898634523237,8.0,0.0,-0.44106638210168425,0.6818145686904225,-0.7339720651419731,0.9988097141342585,-0.6890169864673823,0.9151287833310213,0.0
